1 3e-06
101 1.7e-05
201 3.7e-05
301 0.000134
401 0.000211
501 0.00025
601 0.000206
701 0.000411
801 0.000299
901 0.000261
1001 0.00047
1101 0.000925
1201 0.000347
1301 0.000379
1401 0.000496
1501 0.000814
1601 0.001048
1701 0.000782
1801 0.001077
1901 0.001471
2001 0.001765
2101 0.00211
2201 0.002436
2301 0.001647
2401 0.002299
2501 0.002327
2601 0.001927
2701 0.001785
2801 0.002178
2901 0.001886
3001 0.00197
3101 0.002662
3201 0.003011
3301 0.003445
3401 0.002602
3501 0.002843
3601 0.008704
3701 0.00269
3801 0.003203
3901 0.004101
4001 0.003643
4101 0.003668
4201 0.003509
4301 0.003943
4401 0.003753
4501 0.003346
4601 0.004263
4701 0.0042
4801 0.004134
4901 0.004658
5001 0.004031
5101 0.00429
5201 0.006018
5301 0.005103
5401 0.005518
5501 0.005377
5601 0.01288
5701 0.004528
5801 0.003485
5901 0.004356
6001 0.004429
6101 0.004766
6201 0.004546
6301 0.006006
6401 0.004947
6501 0.005361
6601 0.005143
6701 0.005686
6801 0.005577
6901 0.007662
7001 0.008494
7101 0.008237
7201 0.006848
7301 0.00777
7401 0.007189
7501 0.007479
7601 0.007672
7701 0.008088
7801 0.008412
7901 0.007889
8001 0.00844
8101 0.008848
8201 0.008062
8301 0.009454
8401 0.009215
8501 0.009239
8601 0.010116
8701 0.010625
8801 0.008995
8901 0.007384
9001 0.00933
9101 0.00883
9201 0.008521
9301 0.01011
9401 0.009749
9501 0.011277
9601 0.011105
9701 0.010834
9801 0.009646
9901 0.008327
10001 0.007735
10101 0.007884
10201 0.007985
10301 0.008072
10401 0.009646
10501 0.013066
10601 0.011036
10701 0.012419
10801 0.011147
10901 0.012058
11001 0.013659
11101 0.016466
11201 0.013971
11301 0.01134
11401 0.010529
11501 0.010045
11601 0.01105
11701 0.009654
11801 0.009068
11901 0.011612
12001 0.012196
12101 0.012043
12201 0.011741
12301 0.012912
12401 0.012127
12501 0.012356
12601 0.011846
12701 0.01603
12801 0.014827
12901 0.015689
13001 0.018007
13101 0.016925
13201 0.015941
13301 0.015378
13401 0.01647
13501 0.019215
13601 0.018079
13701 0.015759
13801 0.016687
13901 0.017517
14001 0.01676
14101 0.016269
14201 0.020904
14301 0.017303
14401 0.018188
14501 0.01485
14601 0.016298
14701 0.019024
14801 0.017348
14901 0.013969
15001 0.016631
15101 0.019676
15201 0.021575
15301 0.017006
15401 0.019721
15501 0.021439
15601 0.021264
15701 0.015432
15801 0.017716
15901 0.015606
16001 0.014544
16101 0.016622
16201 0.016844
16301 0.020629
16401 0.023056
16501 0.021915
16601 0.01902
16701 0.022323
16801 0.018856
16901 0.021626
17001 0.018452
17101 0.019596
17201 0.023933
17301 0.021708
17401 0.022423
17501 0.022281
17601 0.018324
17701 0.0168
17801 0.018834
17901 0.01853
18001 0.018915
18101 0.021413
18201 0.022373
18301 0.025081
18401 0.026559
18501 0.021822
18601 0.018875
18701 0.018557
18801 0.020704
18901 0.023461
19001 0.020437
19101 0.019077
19201 0.024036
19301 0.031597
19401 0.024231
19501 0.017754
19601 0.018607
19701 0.029641
19801 0.020319
19901 0.016717
20001 0.020965
20101 0.022127
20201 0.02672
20301 0.022059
20401 0.025319
20501 0.020901
20601 0.020516
20701 0.028248
20801 0.026833
20901 0.020664
21001 0.021286
21101 0.024951
21201 0.028981
21301 0.025038
21401 0.02594
21501 0.029157
21601 0.028334
21701 0.028946
21801 0.026318
21901 0.031231
22001 0.029156
22101 0.022319
22201 0.024096
22301 0.031532
22401 0.028327
22501 0.023155
22601 0.029238
22701 0.028982
22801 0.030294
22901 0.027886
23001 0.022766
23101 0.027824
23201 0.034157
23301 0.025011
23401 0.025398
23501 0.031499
23601 0.029434
23701 0.027526
23801 0.027472
23901 0.027735
24001 0.030962
24101 0.023669
24201 0.022291
24301 0.02939
24401 0.028112
24501 0.023674
24601 0.023267
24701 0.027743
24801 0.031027
24901 0.021741
25001 0.025521
25101 0.028829
25201 0.025388
25301 0.020582
25401 0.032403
25501 0.034924
25601 0.026992
25701 0.028415
25801 0.037645
25901 0.036492
26001 0.034961
26101 0.028264
26201 0.034548
26301 0.036337
26401 0.04001
26501 0.039065
26601 0.047562
26701 0.035833
26801 0.039204
26901 0.033662
27001 0.036107
27101 0.036213
27201 0.029608
27301 0.035703
27401 0.036171
27501 0.042343
27601 0.040487
27701 0.039161
27801 0.030553
27901 0.031924
28001 0.040223
28101 0.037137
28201 0.039212
28301 0.037309
28401 0.037126
28501 0.039848
28601 0.039529
28701 0.041403
28801 0.035016
28901 0.036626
29001 0.039857
29101 0.034872
29201 0.050873
29301 0.043792
29401 0.042381
29501 0.042078
29601 0.041564
29701 0.042798
29801 0.039278
29901 0.039798
30001 0.032267
30101 0.038687
30201 0.037771
30301 0.044993
30401 0.035474
30501 0.041957
30601 0.047245
30701 0.038813
30801 0.043081
30901 0.045604
31001 0.047459
31101 0.035642
31201 0.042785
31301 0.047224
31401 0.039082
31501 0.045946
31601 0.056106
31701 0.038357
31801 0.045527
31901 0.047869
32001 0.038271
32101 0.047079
32201 0.045211
32301 0.040768
32401 0.038465
32501 0.030569
32601 0.038364
32701 0.038912
32801 0.041812
32901 0.039906
33001 0.030376
33101 0.043954
33201 0.040614
33301 0.049798
33401 0.039966
33501 0.041215
33601 0.050667
33701 0.048261
33801 0.059682
33901 0.042322
34001 0.048341
34101 0.050347
34201 0.061726
34301 0.046812
34401 0.031076
34501 0.042741
34601 0.046065
34701 0.032661
34801 0.038691
34901 0.039957
35001 0.045765
35101 0.049633
35201 0.040705
35301 0.039274
35401 0.034792
35501 0.041244
35601 0.05003
35701 0.052856
35801 0.045449
35901 0.053372
36001 0.051187
36101 0.048794
36201 0.060731
36301 0.066693
36401 0.04095
36501 0.033232
36601 0.038693
36701 0.038214
36801 0.040641
36901 0.036563
37001 0.038325
37101 0.034562
37201 0.041958
37301 0.04217
37401 0.043304
37501 0.045663
37601 0.037546
37701 0.042967
37801 0.038042
37901 0.048915
38001 0.052616
38101 0.04957
38201 0.049599
38301 0.040603
38401 0.059918
38501 0.041447
38601 0.051795
38701 0.049727
38801 0.034156
38901 0.045541
39001 0.036407
39101 0.053346
39201 0.061816
39301 0.058958
39401 0.05315
39501 0.057819
39601 0.049362
39701 0.049799
39801 0.033212
39901 0.040117
40001 0.039679
40101 0.038409
40201 0.040993
40301 0.052284
40401 0.045302
40501 0.086544
40601 0.0717
40701 0.059976
40801 0.065737
40901 0.056841
41001 0.050085
41101 0.043803
41201 0.048428
41301 0.044661
41401 0.051024
41501 0.047701
41601 0.046489
41701 0.06009
41801 0.05049
41901 0.051471
42001 0.049589
42101 0.054906
42201 0.056058
42301 0.046416
42401 0.060367
42501 0.043779
42601 0.048603
42701 0.046607
42801 0.061684
42901 0.073761
43001 0.063765
43101 0.040378
43201 0.057891
43301 0.044389
43401 0.055013
43501 0.048616
43601 0.041076
43701 0.05192
43801 0.052587
43901 0.053629
44001 0.043947
44101 0.051033
44201 0.055809
44301 0.067068
44401 0.067646
44501 0.043224
44601 0.044835
44701 0.043367
44801 0.04691
44901 0.058616
45001 0.041638
45101 0.049314
45201 0.043789
45301 0.048739
45401 0.049172
45501 0.054355
45601 0.044018
45701 0.066502
45801 0.062115
45901 0.052072
46001 0.055924
46101 0.041172
46201 0.067829
46301 0.043038
46401 0.040772
46501 0.045044
46601 0.037887
46701 0.041826
46801 0.045378
46901 0.043274
47001 0.051788
47101 0.042962
47201 0.071695
47301 0.059001
47401 0.0436
47501 0.051331
47601 0.044144
47701 0.053387
47801 0.039575
47901 0.045474
48001 0.059929
48101 0.059906
48201 0.070517
48301 0.046791
48401 0.047996
48501 0.050066
48601 0.041288
48701 0.056177
48801 0.054899
48901 0.045357
49001 0.044575
49101 0.061454
49201 0.057274
49301 0.057181
49401 0.044132
49501 0.049695
49601 0.049535
49701 0.055656
49801 0.051235
49901 0.050515
50001 0.058963
50101 0.07631
50201 0.051667
50301 0.044301
50401 0.064859
50501 0.054938
50601 0.057523
50701 0.059493
50801 0.044256
50901 0.053512
51001 0.056381
51101 0.073042
51201 0.053893
51301 0.063122
51401 0.055181
51501 0.051954
51601 0.058103
51701 0.055481
51801 0.066057
51901 0.073087
52001 0.062198
52101 0.063415
52201 0.061466
52301 0.070009
52401 0.058892
52501 0.05978
52601 0.067772
52701 0.05928
52801 0.079399
52901 0.053831
53001 0.058521
53101 0.05221
53201 0.063916
53301 0.058754
53401 0.063055
53501 0.071762
53601 0.051971
53701 0.063422
53801 0.067674
53901 0.055643
54001 0.061866
54101 0.060704
54201 0.058006
54301 0.077491
54401 0.059064
54501 0.06141
54601 0.062037
54701 0.064985
54801 0.059661
54901 0.055122
55001 0.099193
55101 0.087441
55201 0.061452
55301 0.058834
55401 0.06667
55501 0.06611
55601 0.071143
55701 0.058816
55801 0.073312
55901 0.075158
56001 0.097731
56101 0.088823
56201 0.072034
56301 0.090452
56401 0.082494
56501 0.074768
56601 0.081587
56701 0.072827
56801 0.068825
56901 0.070707
57001 0.109896
57101 0.083301
57201 0.077359
57301 0.0806
57401 0.071396
57501 0.084174
57601 0.089211
57701 0.08859
57801 0.104078
57901 0.075316
58001 0.082549
58101 0.106128
58201 0.080826
58301 0.108894
58401 0.105312
58501 0.084902
58601 0.082433
58701 0.084719
58801 0.070623
58901 0.081679
59001 0.084298
59101 0.070833
59201 0.090671
59301 0.073598
59401 0.081599
59501 0.078812
59601 0.078742
59701 0.091314
59801 0.118084
59901 0.104562
60001 0.109992
60101 0.07464
60201 0.086476
60301 0.077672
60401 0.085666
60501 0.086414
60601 0.077227
60701 0.089572
60801 0.082923
60901 0.087716
61001 0.110141
61101 0.097586
61201 0.0803
61301 0.090815
61401 0.111071
61501 0.086382
61601 0.088551
61701 0.078883
61801 0.09205
61901 0.070102
62001 0.076629
62101 0.101689
62201 0.076495
62301 0.088563
62401 0.087276
62501 0.088568
62601 0.076194
62701 0.077582
62801 0.080598
62901 0.088454
63001 0.08722
63101 0.073848
63201 0.081342
63301 0.106942
63401 0.090824
63501 0.092712
63601 0.088467
63701 0.08203
63801 0.086865
63901 0.086248
64001 0.096824
64101 0.086345
64201 0.081179
64301 0.094264
64401 0.13961
64501 0.138707
64601 0.107923
64701 0.113865
64801 0.108104
64901 0.113748
65001 0.094142
65101 0.107738
65201 0.119711
65301 0.129528
65401 0.087564
65501 0.088844
65601 0.100818
65701 0.080014
65801 0.101771
65901 0.088852
66001 0.079527
66101 0.089863
66201 0.108343
66301 0.102495
66401 0.083015
66501 0.086952
66601 0.099198
66701 0.095395
66801 0.091676
66901 0.085642
67001 0.092716
67101 0.093656
67201 0.080387
67301 0.092345
67401 0.106177
67501 0.116857
67601 0.08491
67701 0.090161
67801 0.087982
67901 0.109826
68001 0.100699
68101 0.084544
68201 0.094517
68301 0.090715
68401 0.162848
68501 0.111875
68601 0.080595
68701 0.083795
68801 0.084136
68901 0.084774
69001 0.096287
69101 0.091434
69201 0.074202
69301 0.106515
69401 0.103745
69501 0.087897
69601 0.111554
69701 0.132911
69801 0.102257
69901 0.096021
70001 0.10264
70101 0.106192
70201 0.092566
70301 0.093463
70401 0.115331
70501 0.117685
70601 0.108635
70701 0.111217
70801 0.081732
70901 0.110572
71001 0.094736
71101 0.099837
71201 0.089774
71301 0.081348
71401 0.12644
71501 0.082446
71601 0.090679
71701 0.09146
71801 0.107341
71901 0.082794
72001 0.092805
72101 0.105996
72201 0.091367
72301 0.096311
72401 0.110707
72501 0.129499
72601 0.078125
72701 0.114493
72801 0.101248
72901 0.101031
73001 0.12364
73101 0.100616
73201 0.086217
73301 0.107493
73401 0.11477
73501 0.099406
73601 0.094565
73701 0.095403
73801 0.09217
73901 0.09995
74001 0.122538
74101 0.098439
74201 0.072248
74301 0.084346
74401 0.110072
74501 0.094355
74601 0.099388
74701 0.09495
74801 0.087047
74901 0.092342
75001 0.088953
75101 0.085897
75201 0.132285
75301 0.091321
75401 0.14165
75501 0.113755
75601 0.097311
75701 0.095972
75801 0.119183
75901 0.089141
76001 0.098556
76101 0.098792
76201 0.096949
76301 0.11383
76401 0.132073
76501 0.113963
76601 0.099747
76701 0.107367
76801 0.111461
76901 0.100849
77001 0.09505
77101 0.107713
77201 0.107454
77301 0.106805
77401 0.106301
77501 0.105317
77601 0.10328
77701 0.104468
77801 0.127041
77901 0.08174
78001 0.079081
78101 0.085652
78201 0.085029
78301 0.11814
78401 0.105684
78501 0.093123
78601 0.090875
78701 0.085263
78801 0.096042
78901 0.089254
79001 0.093211
79101 0.103192
79201 0.083607
79301 0.093559
79401 0.123054
79501 0.095453
79601 0.097451
79701 0.082391
79801 0.087388
79901 0.100199
80001 0.124073
80101 0.103806
80201 0.110766
80301 0.10555
80401 0.119802
80501 0.103557
80601 0.139243
80701 0.116515
80801 0.102953
80901 0.106543
81001 0.103995
81101 0.091945
81201 0.120697
81301 0.105093
81401 0.097758
81501 0.107407
81601 0.121079
81701 0.110422
81801 0.119022
81901 0.109533
82001 0.105028
82101 0.135438
82201 0.11347
82301 0.092744
82401 0.091823
82501 0.088722
82601 0.097387
82701 0.108021
82801 0.095744
82901 0.090876
83001 0.0871
83101 0.087184
83201 0.149544
83301 0.111409
83401 0.117987
83501 0.105607
83601 0.124726
83701 0.103872
83801 0.105182
83901 0.11656
84001 0.121632
84101 0.115125
84201 0.117708
84301 0.111093
84401 0.111183
84501 0.118051
84601 0.119965
84701 0.142412
84801 0.08672
84901 0.113461
85001 0.096648
85101 0.092906
85201 0.092898
85301 0.090862
85401 0.095198
85501 0.102988
85601 0.102149
85701 0.111997
85801 0.083643
85901 0.119901
86001 0.098086
86101 0.084087
86201 0.089872
86301 0.106329
86401 0.094174
86501 0.128017
86601 0.115648
86701 0.103418
86801 0.0948
86901 0.112143
87001 0.092188
87101 0.105647
87201 0.097368
87301 0.099166
87401 0.117266
87501 0.104054
87601 0.09241
87701 0.10479
87801 0.099132
87901 0.121642
88001 0.094924
88101 0.096107
88201 0.093802
88301 0.101438
88401 0.101963
88501 0.103393
88601 0.08824
88701 0.087094
88801 0.112981
88901 0.106505
89001 0.09214
89101 0.085313
89201 0.092142
89301 0.097911
89401 0.101281
89501 0.10152
89601 0.145398
89701 0.206203
89801 0.222047
89901 0.233697
90001 0.203467
90101 0.218557
90201 0.227395
90301 0.230897
90401 0.166352
90501 0.172607
90601 0.162433
90701 0.16709
90801 0.175961
90901 0.128955
91001 0.143397
91101 0.137613
91201 0.182258
91301 0.174469
91401 0.133892
91501 0.136926
91601 0.130844
91701 0.128124
91801 0.123133
91901 0.120936
92001 0.121184
92101 0.130719
92201 0.142336
92301 0.237195
92401 0.111156
92501 0.12984
92601 0.155816
92701 0.14319
92801 0.180871
92901 0.126706
93001 0.170178
93101 0.188994
93201 0.189164
93301 0.225795
93401 0.178833
93501 0.135448
93601 0.140825
93701 0.135085
93801 0.121509
93901 0.117664
94001 0.112794
94101 0.159889
94201 0.099814
94301 0.099026
94401 0.107053
94501 0.117468
94601 0.121739
94701 0.099004
94801 0.110825
94901 0.14093
95001 0.169868
95101 0.162708
95201 0.109635
95301 0.110788
95401 0.119242
95501 0.098045
95601 0.099126
95701 0.105658
95801 0.143578
95901 0.154689
96001 0.132458
96101 0.159989
96201 0.112194
96301 0.106122
96401 0.154473
96501 0.170866
96601 0.141683
96701 0.154971
96801 0.184502
96901 0.169089
97001 0.17882
97101 0.192755
97201 0.162695
97301 0.153404
97401 0.187318
97501 0.175761
97601 0.149448
97701 0.226719
97801 0.240315
97901 0.227914
98001 0.188021
98101 0.129041
98201 0.139007
98301 0.102518
98401 0.102923
98501 0.099965
98601 0.114409
98701 0.127255
98801 0.109428
98901 0.102102
99001 0.142989
99101 0.143772
99201 0.152296
99301 0.204084
99401 0.186695
99501 0.170082
99601 0.20249
99701 0.145083
99801 0.115879
99901 0.173993
