1 2.2e-05
101 4e-06
201 0.000155
301 3.1e-05
401 3.3e-05
501 8e-06
601 3.1e-05
701 3.6e-05
801 8.9e-05
901 1.6e-05
1001 1.8e-05
1101 2.3e-05
1201 1.7e-05
1301 1.7e-05
1401 3.8e-05
1501 1.8e-05
1601 2.9e-05
1701 4.2e-05
1801 4.5e-05
1901 4.2e-05
2001 2.2e-05
2101 5.7e-05
2201 8.8e-05
2301 0.000157
2401 9.8e-05
2501 5.2e-05
2601 5.5e-05
2701 5.2e-05
2801 6.7e-05
2901 2.7e-05
3001 2.7e-05
3101 2.8e-05
3201 5.4e-05
3301 2.8e-05
3401 2.6e-05
3501 2.7e-05
3601 3.2e-05
3701 2.9e-05
3801 2.9e-05
3901 0.000179
4001 4e-05
4101 6e-05
4201 3.7e-05
4301 3.8e-05
4401 3.8e-05
4501 4e-05
4601 4e-05
4701 4.2e-05
4801 4.2e-05
4901 4.3e-05
5001 4.9e-05
5101 4.5e-05
5201 4.5e-05
5301 4.7e-05
5401 4.7e-05
5501 0.000227
5601 7.7e-05
5701 5.6e-05
5801 5.6e-05
5901 0.000101
6001 5.2e-05
6101 5.4e-05
6201 5.4e-05
6301 6.2e-05
6401 7.2e-05
6501 5.4e-05
6601 7.9e-05
6701 0.00016
6801 0.000105
6901 6e-05
7001 6.1e-05
7101 0.000108
7201 7.4e-05
7301 5.5e-05
7401 5.6e-05
7501 5.7e-05
7601 5.8e-05
7701 0.000133
7801 6.8e-05
7901 7.9e-05
8001 6.1e-05
8101 6.1e-05
8201 6.2e-05
8301 6.3e-05
8401 6.4e-05
8501 6.4e-05
8601 6.9e-05
8701 0.000163
8801 0.000134
8901 6.7e-05
9001 6.8e-05
9101 6.9e-05
9201 6.9e-05
9301 7.1e-05
9401 7.1e-05
9501 7.3e-05
9601 7.3e-05
9701 7.4e-05
9801 0.00022
9901 0.00023
10001 0.000217
10101 0.000154
10201 0.000284
10301 0.000174
10401 0.000136
10501 9.5e-05
10601 0.000155
10701 0.000294
10801 0.00026
10901 0.000136
11001 0.000181
11101 0.000163
11201 9.7e-05
11301 9.8e-05
11401 9.8e-05
11501 0.000151
11601 0.000105
11701 0.000154
11801 0.00014
11901 8.9e-05
12001 9e-05
12101 9e-05
12201 9.5e-05
12301 9.2e-05
12401 9.3e-05
12501 9.4e-05
12601 0.000223
12701 0.000227
12801 0.000102
12901 9.7e-05
13001 9.8e-05
13101 0.000178
13201 9.9e-05
13301 0.000134
13401 0.00018
13501 0.000102
13601 0.000102
13701 0.000106
13801 0.000256
13901 0.000104
14001 0.000227
14101 0.000362
14201 0.000388
14301 0.00017
14401 0.000115
14501 0.000112
14601 0.000188
14701 0.00035
14801 0.000141
14901 0.000111
15001 0.000117
15101 0.000158
15201 0.000175
15301 0.000114
15401 0.000115
15501 0.000116
15601 0.000116
15701 0.000121
15801 0.000275
15901 0.000155
16001 0.000138
16101 0.000168
16201 0.000231
16301 0.000189
16401 0.000122
16501 0.000123
16601 0.000128
16701 0.000125
16801 0.000126
16901 0.000126
17001 0.000548
17101 0.000128
17201 0.000129
17301 0.000172
17401 0.000202
17501 0.000167
17601 0.000329
17701 0.000497
17801 0.000239
17901 0.000285
18001 0.000321
18101 0.000162
18201 0.000136
18301 0.000141
18401 0.000138
18501 0.000382
18601 0.000159
18701 0.00014
18801 0.000144
18901 0.000141
19001 0.000264
19101 0.000164
19201 0.000143
19301 0.000144
19401 0.000144
19501 0.000146
19601 0.000433
19701 0.000148
19801 0.000148
19901 0.000152
20001 0.00022
20101 0.00015
20201 0.000151
20301 0.000155
20401 0.000152
20501 0.000153
20601 0.000305
20701 0.000199
20801 0.000294
20901 0.000531
21001 0.000347
21101 0.000206
21201 0.000301
21301 0.000159
21401 0.000159
21501 0.000161
21601 0.000161
21701 0.000293
21801 0.000163
21901 0.000168
22001 0.000165
22101 0.000165
22201 0.000314
22301 0.000166
22401 0.00017
22501 0.000168
22601 0.000299
22701 0.000169
22801 0.00017
22901 0.000194
23001 0.000443
23101 0.000283
23201 0.000303
23301 0.000365
23401 0.000294
23501 0.000641
23601 0.000408
23701 0.000417
23801 0.000292
23901 0.000293
24001 0.000412
24101 0.000295
24201 0.000341
24301 0.000322
24401 0.000388
24501 0.000508
24601 0.000302
24701 0.000308
24801 0.000431
24901 0.000305
25001 0.000444
25101 0.000307
25201 0.000477
25301 0.0006
25401 0.000558
25501 0.00047
25601 0.000578
25701 0.000367
25801 0.000506
25901 0.000377
26001 0.000406
26101 0.00038
26201 0.000493
26301 0.000382
26401 0.000524
26501 0.000565
26601 0.000618
26701 0.000697
26801 0.00039
26901 0.000524
27001 0.000393
27101 0.000527
27201 0.000388
27301 0.000566
27401 0.000494
27501 0.000463
27601 0.000606
27701 0.000465
27801 0.000514
27901 0.000524
28001 0.000569
28101 0.000499
28201 0.000403
28301 0.000411
28401 0.000532
28501 0.000501
28601 0.000408
28701 0.000416
28801 0.000514
28901 0.000471
29001 0.000447
29101 0.000511
29201 0.000557
29301 0.000698
29401 0.000807
29501 0.000512
29601 0.000663
29701 0.000504
29801 0.000518
29901 0.000599
30001 0.000476
30101 0.000674
30201 0.000596
30301 0.000541
30401 0.000567
30501 0.000447
30601 0.000474
30701 0.0006
30801 0.000467
30901 0.000558
31001 0.000538
31101 0.00059
31201 0.000488
31301 0.000447
31401 0.00053
31501 0.000676
31601 0.000844
31701 0.000586
31801 0.000537
31901 0.000672
32001 0.000678
32101 0.000465
32201 0.000599
32301 0.000548
32401 0.000497
32501 0.000572
32601 0.000488
32701 0.000978
32801 0.000645
32901 0.000543
33001 0.000505
33101 0.000618
33201 0.000481
33301 0.00051
33401 0.000509
33501 0.000648
33601 0.00061
33701 0.000481
33801 0.000704
33901 0.000661
34001 0.000493
34101 0.000713
34201 0.000638
34301 0.000625
34401 0.000584
34501 0.000585
34601 0.000595
34701 0.000854
34801 0.000812
34901 0.000751
35001 0.000604
35101 0.000586
35201 0.000721
35301 0.000642
35401 0.000885
35501 0.0008
35601 0.000853
35701 0.00075
35801 0.00066
35901 0.00066
36001 0.000599
36101 0.000677
36201 0.00075
36301 0.000677
36401 0.000675
36501 0.000689
36601 0.000663
36701 0.000795
36801 0.000772
36901 0.000679
37001 0.000583
37101 0.000695
37201 0.00096
37301 0.000815
37401 0.000793
37501 0.000897
37601 0.000644
37701 0.000773
37801 0.000662
37901 0.000702
38001 0.000784
38101 0.000822
38201 0.000602
38301 0.000675
38401 0.000892
38501 0.000792
38601 0.000799
38701 0.00061
38801 0.000946
38901 0.000689
39001 0.000644
39101 0.000709
39201 0.001034
39301 0.000832
39401 0.000848
39501 0.000922
39601 0.000897
39701 0.000758
39801 0.00053
39901 0.000731
40001 0.000787
40101 0.000905
40201 0.000769
40301 0.00078
40401 0.000565
40501 0.000603
40601 0.000706
40701 0.000684
40801 0.000499
40901 0.00062
41001 0.000531
41101 0.001125
41201 0.000673
41301 0.000622
41401 0.000604
41501 0.000767
41601 0.00063
41701 0.000556
41801 0.000704
41901 0.000637
42001 0.000678
42101 0.000841
42201 0.000642
42301 0.000766
42401 0.000678
42501 0.000559
42601 0.000682
42701 0.000637
42801 0.000644
42901 0.000657
43001 0.0009
43101 0.000656
43201 0.00044
43301 0.00057
43401 0.000621
43501 0.000519
43601 0.000822
43701 0.000668
43801 0.000441
43901 0.000512
44001 0.000448
44101 0.000897
44201 0.000768
44301 0.000855
44401 0.000958
44501 0.000576
44601 0.000616
44701 0.000507
44801 0.00106
44901 0.000567
45001 0.000988
45101 0.000554
45201 0.000627
45301 0.000436
45401 0.000595
45501 0.000432
45601 0.000598
45701 0.000603
45801 0.000605
45901 0.000441
46001 0.00066
46101 0.000815
46201 0.000599
46301 0.000598
46401 0.000656
46501 0.000565
46601 0.000558
46701 0.000443
46801 0.000605
46901 0.000597
47001 0.000447
47101 0.000617
47201 0.000453
47301 0.000924
47401 0.000686
47501 0.000456
47601 0.000628
47701 0.0006
47801 0.000459
47901 0.000665
48001 0.000625
48101 0.000478
48201 0.000739
48301 0.000555
48401 0.00099
48501 0.000544
48601 0.00064
48701 0.000637
48801 0.000593
48901 0.000716
49001 0.000918
49101 0.000695
49201 0.00068
49301 0.000881
49401 0.000658
49501 0.000815
49601 0.000822
49701 0.000691
49801 0.000578
49901 0.000893
50001 0.000665
50101 0.001299
50201 0.001208
50301 0.001061
50401 0.000626
50501 0.000545
50601 0.000922
50701 0.000854
50801 0.000775
50901 0.001034
51001 0.000827
51101 0.000914
51201 0.00077
51301 0.000633
51401 0.001006
51501 0.000823
51601 0.000747
51701 0.001094
51801 0.001042
51901 0.00091
52001 0.00085
52101 0.000932
52201 0.000918
52301 0.000983
52401 0.001107
52501 0.000935
52601 0.00071
52701 0.000795
52801 0.000927
52901 0.00083
53001 0.000711
53101 0.000908
53201 0.000989
53301 0.000729
53401 0.000843
53501 0.000695
53601 0.000709
53701 0.000553
53801 0.000616
53901 0.000489
54001 0.000619
54101 0.001156
54201 0.000589
54301 0.000489
54401 0.000654
54501 0.000495
54601 0.00064
54701 0.000683
54801 0.000525
54901 0.000796
55001 0.000629
55101 0.000942
55201 0.000529
55301 0.00066
55401 0.000502
55501 0.000412
55601 0.000683
55701 0.000548
55801 0.000419
55901 0.000592
56001 0.000419
56101 0.000626
56201 0.000429
56301 0.001248
56401 0.000871
56501 0.001003
56601 0.000514
56701 0.000634
56801 0.000619
56901 0.000511
57001 0.000613
57101 0.000542
57201 0.001481
57301 0.000515
57401 0.000677
57501 0.000754
57601 0.00064
57701 0.000544
57801 0.00086
57901 0.000772
58001 0.000616
58101 0.00117
58201 0.000827
58301 0.000717
58401 0.000789
58501 0.000767
58601 0.000835
58701 0.000776
58801 0.000528
58901 0.000993
59001 0.000964
59101 0.000742
59201 0.000763
59301 0.000612
59401 0.000576
59501 0.000813
59601 0.000541
59701 0.000807
59801 0.001354
59901 0.001283
60001 0.000947
60101 0.001201
60201 0.001031
60301 0.000836
60401 0.001189
60501 0.001144
60601 0.000933
60701 0.000928
60801 0.000998
60901 0.000925
61001 0.000877
61101 0.001279
61201 0.001333
61301 0.001627
61401 0.001824
61501 0.001658
61601 0.001601
61701 0.001555
61801 0.001529
61901 0.001695
62001 0.001797
62101 0.002175
62201 0.001485
62301 0.00168
62401 0.001667
62501 0.001836
62601 0.001614
62701 0.001644
62801 0.001554
62901 0.001378
63001 0.001559
63101 0.002011
63201 0.001442
63301 0.001635
63401 0.001582
63501 0.001361
63601 0.001445
63701 0.001516
63801 0.001596
63901 0.001728
64001 0.001879
64101 0.001428
64201 0.001738
64301 0.001428
64401 0.001295
64501 0.001333
64601 0.00159
64701 0.00125
64801 0.001263
64901 0.001249
65001 0.00136
65101 0.001417
65201 0.001267
65301 0.0011
65401 0.00125
65501 0.001322
65601 0.001223
65701 0.001079
65801 0.001437
65901 0.001163
66001 0.001304
66101 0.001333
66201 0.001291
66301 0.001281
66401 0.001208
66501 0.0014
66601 0.00149
66701 0.0012
66801 0.000987
66901 0.000894
67001 0.001105
67101 0.001289
67201 0.000955
67301 0.001097
67401 0.000931
67501 0.001178
67601 0.000668
67701 0.000884
67801 0.001206
67901 0.000754
68001 0.000687
68101 0.001195
68201 0.000688
68301 0.000824
68401 0.00077
68501 0.001008
68601 0.00103
68701 0.000849
68801 0.00075
68901 0.000774
69001 0.000594
69101 0.000665
69201 0.000976
69301 0.00069
69401 0.001172
69501 0.000902
69601 0.001065
69701 0.000944
69801 0.001027
69901 0.000875
70001 0.001323
70101 0.001735
70201 0.001277
70301 0.00105
70401 0.001144
70501 0.00119
70601 0.0016
70701 0.000981
70801 0.001188
70901 0.001118
71001 0.001068
71101 0.001261
71201 0.001254
71301 0.001096
71401 0.001065
71501 0.001089
71601 0.001096
71701 0.00156
71801 0.001352
71901 0.001343
72001 0.001253
72101 0.001366
72201 0.001554
72301 0.001279
72401 0.001314
72501 0.001612
72601 0.000974
72701 0.001341
72801 0.001091
72901 0.001158
73001 0.001693
73101 0.001377
73201 0.001445
73301 0.001693
73401 0.00114
73501 0.001018
73601 0.00113
73701 0.000746
73801 0.001516
73901 0.001116
74001 0.00134
74101 0.001012
74201 0.001118
74301 0.001147
74401 0.001333
74501 0.001236
74601 0.001075
74701 0.00129
74801 0.001372
74901 0.001804
75001 0.001136
75101 0.00122
75201 0.001154
75301 0.001109
75401 0.001442
75501 0.00113
75601 0.001188
75701 0.0011
75801 0.001346
75901 0.001207
76001 0.001384
76101 0.001036
76201 0.000975
76301 0.001202
76401 0.001064
76501 0.001439
76601 0.001408
76701 0.001183
76801 0.001169
76901 0.001787
77001 0.001264
77101 0.001514
77201 0.001261
77301 0.001019
77401 0.001044
77501 0.001122
77601 0.001454
77701 0.001087
77801 0.000992
77901 0.001108
78001 0.001132
78101 0.001267
78201 0.00139
78301 0.001222
78401 0.001145
78501 0.001034
78601 0.000998
78701 0.001339
78801 0.001452
78901 0.001287
79001 0.001104
79101 0.001363
79201 0.0014
79301 0.001271
79401 0.001289
79501 0.001115
79601 0.000981
79701 0.001118
79801 0.001557
79901 0.001219
80001 0.001221
80101 0.0011
80201 0.000909
80301 0.001043
80401 0.001893
80501 0.000854
80601 0.000964
80701 0.000827
80801 0.00102
80901 0.000924
81001 0.001526
81101 0.001199
81201 0.001137
81301 0.001331
81401 0.001463
81501 0.00183
81601 0.001849
81701 0.001482
81801 0.0012
81901 0.001313
82001 0.001292
82101 0.001196
82201 0.001136
82301 0.001314
82401 0.001227
82501 0.001662
82601 0.001191
82701 0.001534
82801 0.001311
82901 0.001312
83001 0.001654
83101 0.0014
83201 0.001327
83301 0.001523
83401 0.001668
83501 0.001203
83601 0.001149
83701 0.001153
83801 0.001055
83901 0.001149
84001 0.001862
84101 0.001312
84201 0.001335
84301 0.001099
84401 0.001327
84501 0.001701
84601 0.00159
84701 0.001451
84801 0.00183
84901 0.001805
85001 0.001568
85101 0.001501
85201 0.001456
85301 0.001687
85401 0.001981
85501 0.001603
85601 0.001605
85701 0.001946
85801 0.001563
85901 0.001268
86001 0.001442
86101 0.001204
86201 0.001641
86301 0.001281
86401 0.001284
86501 0.001238
86601 0.001186
86701 0.00162
86801 0.001271
86901 0.001076
87001 0.001249
87101 0.001424
87201 0.001508
87301 0.000946
87401 0.001117
87501 0.00099
87601 0.00093
87701 0.001024
87801 0.001479
87901 0.001191
88001 0.000705
88101 0.00088
88201 0.000801
88301 0.000844
88401 0.000966
88501 0.001419
88601 0.000765
88701 0.000772
88801 0.000788
88901 0.001092
89001 0.000924
89101 0.000961
89201 0.00174
89301 0.002105
89401 0.001617
89501 0.00142
89601 0.001692
89701 0.001107
89801 0.001304
89901 0.001163
90001 0.001803
90101 0.001768
90201 0.00163
90301 0.001513
90401 0.001284
90501 0.002024
90601 0.001422
90701 0.001463
90801 0.001346
90901 0.001941
91001 0.001441
91101 0.001367
91201 0.001628
91301 0.001591
91401 0.001692
91501 0.001591
91601 0.00166
91701 0.001354
91801 0.001828
91901 0.001596
92001 0.002449
92101 0.001783
92201 0.001822
92301 0.001739
92401 0.001759
92501 0.001779
92601 0.001926
92701 0.001539
92801 0.001377
92901 0.001579
93001 0.001602
93101 0.00129
93201 0.001322
93301 0.00142
93401 0.001711
93501 0.001064
93601 0.001309
93701 0.001127
93801 0.001007
93901 0.001062
94001 0.001473
94101 0.000992
94201 0.001007
94301 0.001243
94401 0.000737
94501 0.001239
94601 0.001533
94701 0.00089
94801 0.001182
94901 0.001096
95001 0.000954
95101 0.002146
95201 0.001933
95301 0.001192
95401 0.001103
95501 0.001189
95601 0.001414
95701 0.001078
95801 0.001024
95901 0.000898
96001 0.00137
96101 0.000989
96201 0.001256
96301 0.001289
96401 0.002474
96501 0.002067
96601 0.001876
96701 0.001652
96801 0.001691
96901 0.001592
97001 0.001762
97101 0.001727
97201 0.0017
97301 0.001375
97401 0.002022
97501 0.001378
97601 0.001353
97701 0.00153
97801 0.00155
97901 0.001855
98001 0.001625
98101 0.00175
98201 0.002175
98301 0.001612
98401 0.001295
98501 0.001212
98601 0.001202
98701 0.001895
98801 0.001216
98901 0.001228
99001 0.001008
99101 0.001147
99201 0.001593
99301 0.001035
99401 0.001078
99501 0.001117
99601 0.00104
99701 0.001096
99801 0.001553
99901 0.000834
