1 2e-06
101 2e-06
201 3e-06
301 4e-06
401 4e-06
501 5e-06
601 7e-06
701 7e-06
801 8e-06
901 7e-06
1001 1e-05
1101 1.1e-05
1201 1.1e-05
1301 1.3e-05
1401 8.6e-05
1501 3.6e-05
1601 4.9e-05
1701 1.5e-05
1801 1.5e-05
1901 1.7e-05
2001 1.7e-05
2101 3.5e-05
2201 5.8e-05
2301 2.1e-05
2401 2.2e-05
2501 2.3e-05
2601 7e-05
2701 1.8e-05
2801 1.9e-05
2901 1.9e-05
3001 2e-05
3101 2.1e-05
3201 2.2e-05
3301 2.2e-05
3401 2.3e-05
3501 2.3e-05
3601 2.4e-05
3701 2.4e-05
3801 2.5e-05
3901 2.6e-05
4001 2.6e-05
4101 2.7e-05
4201 2.8e-05
4301 2.9e-05
4401 2.9e-05
4501 3e-05
4601 3e-05
4701 3.1e-05
4801 3.1e-05
4901 3.2e-05
5001 0.000129
5101 3.3e-05
5201 3.4e-05
5301 3.5e-05
5401 3.6e-05
5501 3.6e-05
5601 3.7e-05
5701 3.8e-05
5801 3.9e-05
5901 3.9e-05
6001 3.9e-05
6101 4.5e-05
6201 4.1e-05
6301 4.1e-05
6401 4.2e-05
6501 4.3e-05
6601 4.3e-05
6701 4.4e-05
6801 9.5e-05
6901 4.5e-05
7001 4.6e-05
7101 4.6e-05
7201 4.7e-05
7301 4.8e-05
7401 4.9e-05
7501 4.9e-05
7601 5e-05
7701 8.1e-05
7801 5.1e-05
7901 5.1e-05
8001 5.2e-05
8101 5.3e-05
8201 5.4e-05
8301 5.5e-05
8401 0.000158
8501 7.4e-05
8601 5.6e-05
8701 5.7e-05
8801 5.8e-05
8901 5.8e-05
9001 5.9e-05
9101 5.9e-05
9201 6e-05
9301 6.1e-05
9401 0.000112
9501 0.00011
9601 0.000158
9701 7.2e-05
9801 7.2e-05
9901 9.7e-05
10001 0.000101
10101 6.9e-05
10201 6.6e-05
10301 6.7e-05
10401 6.7e-05
10501 0.000132
10601 0.000104
10701 7e-05
10801 7e-05
10901 7.1e-05
11001 7.2e-05
11101 9.6e-05
11201 0.000233
11301 0.00027
11401 0.000209
11501 9.9e-05
11601 9e-05
11701 7.6e-05
11801 0.000104
11901 7.7e-05
12001 0.000221
12101 0.000137
12201 0.000111
12301 8e-05
12401 8.1e-05
12501 8.5e-05
12601 8.2e-05
12701 8.2e-05
12801 8.3e-05
12901 0.000147
13001 0.000102
13101 8.5e-05
13201 8.5e-05
13301 8.6e-05
13401 9e-05
13501 8.8e-05
13601 8.9e-05
13701 8.9e-05
13801 0.000226
13901 9e-05
14001 9.1e-05
14101 9.1e-05
14201 9.2e-05
14301 9.5e-05
14401 9.4e-05
14501 9.4e-05
14601 0.00013
14701 0.00011
14801 9.6e-05
14901 9.7e-05
15001 9.7e-05
15101 0.000141
15201 0.000112
15301 0.000113
15401 0.000316
15501 0.000139
15601 0.000151
15701 0.000134
15801 0.00024
15901 0.000303
16001 0.000211
16101 0.000385
16201 0.000302
16301 0.000143
16401 0.000123
16501 0.00012
16601 0.000117
16701 0.000326
16801 0.000258
16901 0.000144
17001 0.000185
17101 0.000266
17201 0.000167
17301 0.000121
17401 0.000123
17501 0.000165
17601 0.000255
17701 0.000124
17801 0.000125
17901 0.000126
18001 0.000126
18101 0.000131
18201 0.000128
18301 0.00023
18401 0.000149
18501 0.000165
18601 0.000217
18701 0.000362
18801 0.000186
18901 0.000192
19001 0.000123
19101 0.000127
19201 0.000314
19301 0.000238
19401 0.000177
19501 0.00023
19601 0.000434
19701 0.00041
19801 0.000426
19901 0.000241
20001 0.000245
20101 0.00013
20201 0.000266
20301 0.000143
20401 0.000143
20501 0.000148
20601 0.000144
20701 0.000292
20801 0.000212
20901 0.000147
21001 0.000148
21101 0.000425
21201 0.000156
21301 0.000236
21401 0.00024
21501 0.000356
21601 0.000517
21701 0.000452
21801 0.000163
21901 0.000154
22001 0.000159
22101 0.000406
22201 0.000434
22301 0.000299
22401 0.000554
22501 0.000532
22601 0.000415
22701 0.000502
22801 0.000495
22901 0.000386
23001 0.000358
23101 0.000274
23201 0.000271
23301 0.000227
23401 0.000189
23501 0.000177
23601 0.000265
23701 0.000159
23801 0.00016
23901 0.000164
24001 0.000161
24101 0.000177
24201 0.000396
24301 0.000408
24401 0.000416
24501 0.000202
24601 0.003975
24701 0.000223
24801 0.000376
24901 0.000201
25001 0.000206
25101 0.000224
25201 0.000414
25301 0.000305
25401 0.000447
25501 0.000244
25601 0.000267
25701 0.000355
25801 0.000245
25901 0.000391
26001 0.000292
26101 0.000201
26201 0.000228
26301 0.000445
26401 0.00026
26501 0.000361
26601 0.000313
26701 0.000292
26801 0.000333
26901 0.000652
27001 0.000336
27101 0.000474
27201 0.000534
27301 0.000294
27401 0.000303
27501 0.000429
27601 0.000303
27701 0.000508
27801 0.000349
27901 0.000466
28001 0.000398
28101 0.000467
28201 0.000379
28301 0.000491
28401 0.000395
28501 0.000477
28601 0.000432
28701 0.000686
28801 0.000558
28901 0.000479
29001 0.000465
29101 0.000411
29201 0.0004
29301 0.000504
29401 0.000403
29501 0.000521
29601 0.000405
29701 0.000534
29801 0.000512
29901 0.000439
30001 0.000652
30101 0.00051
30201 0.000723
30301 0.000477
30401 0.000446
30501 0.000547
30601 0.000456
30701 0.000482
30801 0.000459
30901 0.000647
31001 0.000512
31101 0.00058
31201 0.000704
31301 0.000514
31401 0.000691
31501 0.000613
31601 0.000492
31701 0.000633
31801 0.000584
31901 0.000547
32001 0.000532
32101 0.000477
32201 0.000689
32301 0.000473
32401 0.000641
32501 0.000508
32601 0.000485
32701 0.000487
32801 0.000487
32901 0.000668
33001 0.000491
33101 0.000493
33201 0.00052
33301 0.000529
33401 0.000615
33501 0.000498
33601 0.000746
33701 0.000622
33801 0.000496
33901 0.000629
34001 0.000616
34101 0.000517
34201 0.00064
34301 0.000535
34401 0.000565
34501 0.000597
34601 0.000514
34701 0.000726
34801 0.00056
34901 0.000518
35001 0.000581
35101 0.000494
35201 0.000563
35301 0.000563
35401 0.000556
35501 0.000604
35601 0.000517
35701 0.000697
35801 0.000587
35901 0.000546
36001 0.000547
36101 0.000491
36201 0.000572
36301 0.000592
36401 0.000489
36501 0.000598
36601 0.00053
36701 0.000523
36801 0.000564
36901 0.000502
37001 0.000565
37101 0.000595
37201 0.000589
37301 0.000638
37401 0.00051
37501 0.000542
37601 0.000512
37701 0.000665
37801 0.000561
37901 0.000508
38001 0.00066
38101 0.000517
38201 0.000541
38301 0.000724
38401 0.000548
38501 0.000548
38601 0.000524
38701 0.000629
38801 0.00055
38901 0.000528
39001 0.00069
39101 0.000612
39201 0.000526
39301 0.000564
39401 0.000743
39501 0.000537
39601 0.000668
39701 0.000533
39801 0.000636
39901 0.000625
40001 0.000656
40101 0.000602
40201 0.00072
40301 0.000675
40401 0.000542
40501 0.000683
40601 0.000634
40701 0.000553
40801 0.000575
40901 0.000555
41001 0.000664
41101 0.000604
41201 0.00056
41301 0.000639
41401 0.000611
41501 0.000563
41601 0.00072
41701 0.000673
41801 0.000567
41901 0.000591
42001 0.000653
42101 0.00063
42201 0.000625
42301 0.000695
42401 0.000853
42501 0.000766
42601 0.000918
42701 0.000722
42801 0.000739
42901 0.000668
43001 0.000649
43101 0.00074
43201 0.000678
43301 0.000614
43401 0.000589
43501 0.000915
43601 0.000741
43701 0.000778
43801 0.000626
43901 0.000629
44001 0.000693
44101 0.000649
44201 0.000731
44301 0.000451
44401 0.000507
44501 0.000829
44601 0.000448
44701 0.000546
44801 0.000472
44901 0.000499
45001 0.000673
45101 0.000635
45201 0.000523
45301 0.000461
45401 0.00057
45501 0.000463
45601 0.00053
45701 0.000634
45801 0.00059
45901 0.000369
46001 0.000468
46101 0.000474
46201 0.000375
46301 0.000373
46401 0.000412
46501 0.000378
46601 0.000558
46701 0.000376
46801 0.000586
46901 0.000415
47001 0.000494
47101 0.000503
47201 0.0008
47301 0.000481
47401 0.000382
47501 0.00048
47601 0.00049
47701 0.000542
47801 0.00032
47901 0.000325
48001 0.000531
48101 0.000326
48201 0.000499
48301 0.000323
48401 0.000411
48501 0.00034
48601 0.000417
48701 0.000701
48801 0.000436
48901 0.000385
49001 0.000332
49101 0.000579
49201 0.000664
49301 0.00033
49401 0.000335
49501 0.000556
49601 0.000332
49701 0.000382
49801 0.000308
49901 0.000312
50001 0.000496
50101 0.00031
50201 0.000724
50301 0.000501
50401 0.000482
50501 0.000315
50601 0.000482
50701 0.000473
50801 0.000536
50901 0.00033
51001 0.000316
51101 0.000559
51201 0.000407
51301 0.00042
51401 0.000321
51501 0.00069
51601 0.000878
51701 0.000911
51801 0.000663
51901 0.000849
52001 0.000945
52101 0.000563
52201 0.000728
52301 0.000586
52401 0.000616
52501 0.000843
52601 0.000576
52701 0.000892
52801 0.000655
52901 0.000691
53001 0.000614
53101 0.000716
53201 0.000775
53301 0.000638
53401 0.000619
53501 0.000961
53601 0.000701
53701 0.000771
53801 0.000749
53901 0.000619
54001 0.000684
54101 0.000557
54201 0.00055
54301 0.000633
54401 0.000706
54501 0.000726
54601 0.000679
54701 0.000718
54801 0.000494
54901 0.000577
55001 0.000496
55101 0.00058
55201 0.000588
55301 0.000498
55401 0.000601
55501 0.000432
55601 0.000886
55701 0.000836
55801 0.000559
55901 0.000434
56001 0.000562
56101 0.000525
56201 0.000581
56301 0.000415
56401 0.000523
56501 0.000413
56601 0.000645
56701 0.000418
56801 0.000913
56901 0.000599
57001 0.000392
57101 0.000459
57201 0.000354
57301 0.000571
57401 0.000539
57501 0.00044
57601 0.000359
57701 0.00052
57801 0.000361
57901 0.000526
58001 0.000359
58101 0.00052
58201 0.000884
58301 0.000361
58401 0.000367
58501 0.000561
58601 0.000365
58701 0.00058
58801 0.000377
58901 0.00055
59001 0.000573
59101 0.000328
59201 0.000472
59301 0.000405
59401 0.000333
59501 0.000882
59601 0.000688
59701 0.000351
59801 0.000511
59901 0.000335
60001 0.000544
60101 0.000333
60201 0.00059
60301 0.000335
60401 0.000669
60501 0.000356
60601 0.000518
60701 0.00034
60801 0.000517
60901 0.000682
61001 0.000797
61101 0.000539
61201 0.00036
61301 0.000411
61401 0.00049
61501 0.000969
61601 0.000558
61701 0.000417
61801 0.000604
61901 0.000474
62001 0.000574
62101 0.001061
62201 0.000733
62301 0.000632
62401 0.000743
62501 0.000652
62601 0.000706
62701 0.000694
62801 0.0009
62901 0.000671
63001 0.001055
63101 0.00066
63201 0.000661
63301 0.000781
63401 0.000794
63501 0.000751
63601 0.000644
63701 0.000738
63801 0.000815
63901 0.001003
64001 0.000759
64101 0.000738
64201 0.000669
64301 0.000806
64401 0.000792
64501 0.000519
64601 0.000536
64701 0.000636
64801 0.000947
64901 0.000546
65001 0.000772
65101 0.000675
65201 0.000528
65301 0.001151
65401 0.00063
65501 0.000886
65601 0.000624
65701 0.001004
65801 0.000554
65901 0.00059
66001 0.000683
66101 0.000531
66201 0.000589
66301 0.00066
66401 0.000595
66501 0.000552
66601 0.000539
66701 0.000745
66801 0.001087
66901 0.000753
67001 0.000743
67101 0.001042
67201 0.000982
67301 0.000547
67401 0.000683
67501 0.000582
67601 0.001044
67701 0.001048
67801 0.000982
67901 0.001019
68001 0.001248
68101 0.000712
68201 0.000758
68301 0.001054
68401 0.000763
68501 0.000612
68601 0.000673
68701 0.000776
68801 0.000637
68901 0.000619
69001 0.000742
69101 0.000715
69201 0.001078
69301 0.001118
69401 0.000809
69501 0.000621
69601 0.000777
69701 0.000684
69801 0.000738
69901 0.000629
70001 0.000813
70101 0.001072
70201 0.000923
70301 0.00092
70401 0.001808
70501 0.000926
70601 0.00091
70701 0.001227
70801 0.000882
70901 0.000929
71001 0.000844
71101 0.00097
71201 0.00087
71301 0.000928
71401 0.001087
71501 0.000969
71601 0.000927
71701 0.001127
71801 0.000954
71901 0.000937
72001 0.000893
72101 0.000994
72201 0.000968
72301 0.000917
72401 0.001137
72501 0.000923
72601 0.001171
72701 0.000954
72801 0.001005
72901 0.000769
73001 0.000656
73101 0.000755
73201 0.000772
73301 0.000757
73401 0.00066
73501 0.000961
73601 0.001155
73701 0.000662
73801 0.000839
73901 0.000628
74001 0.000714
74101 0.000545
74201 0.000713
74301 0.00071
74401 0.000543
74501 0.000728
74601 0.000957
74701 0.000868
74801 0.000761
74901 0.001293
75001 0.000763
75101 0.000552
75201 0.000707
75301 0.00074
75401 0.000964
75501 0.000555
75601 0.000672
75701 0.000634
75801 0.000553
75901 0.000685
76001 0.000987
76101 0.000614
76201 0.00056
76301 0.001213
76401 0.000494
76501 0.000628
76601 0.000587
76701 0.000574
76801 0.000727
76901 0.000625
77001 0.000497
77101 0.0007
77201 0.00048
77301 0.000761
77401 0.00113
77501 0.000783
77601 0.000626
77701 0.000484
77801 0.000675
77901 0.00062
78001 0.000577
78101 0.000486
78201 0.000669
78301 0.000632
78401 0.001106
78501 0.000551
78601 0.000608
78701 0.000762
78801 0.00067
78901 0.000666
79001 0.000759
79101 0.000719
79201 0.000765
79301 0.001073
79401 0.000686
79501 0.000584
79601 0.000712
79701 0.000831
79801 0.000637
79901 0.000589
80001 0.000737
80101 0.000731
80201 0.000723
80301 0.001443
80401 0.000954
80501 0.000927
80601 0.001257
80701 0.000897
80801 0.000744
80901 0.001204
81001 0.000633
81101 0.000766
81201 0.000904
81301 0.000716
81401 0.000598
81501 0.000741
81601 0.000695
81701 0.00072
81801 0.001168
81901 0.000602
82001 0.000797
82101 0.000888
82201 0.000776
82301 0.000687
82401 0.000624
82501 0.00099
82601 0.000978
82701 0.000939
82801 0.000684
82901 0.000737
83001 0.000609
83101 0.00081
83201 0.000756
83301 0.000728
83401 0.000612
83501 0.001458
83601 0.000668
83701 0.00068
83801 0.000972
83901 0.00074
84001 0.000735
84101 0.000618
84201 0.00081
84301 0.001119
84401 0.00099
84501 0.00078
84601 0.001007
84701 0.000652
84801 0.000711
84901 0.000852
85001 0.000741
85101 0.00086
85201 0.000998
85301 0.000792
85401 0.000738
85501 0.000716
85601 0.000805
85701 0.000745
85801 0.000804
85901 0.000742
86001 0.001077
86101 0.000757
86201 0.001
86301 0.000761
86401 0.000736
86501 0.000662
86601 0.00092
86701 0.000812
86801 0.001104
86901 0.001067
87001 0.00085
87101 0.000847
87201 0.000798
87301 0.000982
87401 0.000893
87501 0.000894
87601 0.001038
87701 0.000675
87801 0.000741
87901 0.000803
88001 0.000788
88101 0.000907
88201 0.000732
88301 0.000915
88401 0.001885
88501 0.001179
88601 0.001085
88701 0.001097
88801 0.001093
88901 0.001258
89001 0.001131
89101 0.001167
89201 0.001275
89301 0.001101
89401 0.001056
89501 0.001387
89601 0.001153
89701 0.001154
89801 0.001128
89901 0.001158
90001 0.001209
90101 0.001138
90201 0.001031
90301 0.00115
90401 0.000893
90501 0.000968
90601 0.001033
90701 0.001311
90801 0.00093
90901 0.001296
91001 0.001129
91101 0.000669
91201 0.00079
91301 0.000824
91401 0.001169
91501 0.000744
91601 0.001041
91701 0.001178
91801 0.001753
91901 0.000979
92001 0.001161
92101 0.000862
92201 0.00087
92301 0.000899
92401 0.001482
92501 0.001367
92601 0.00134
92701 0.001237
92801 0.001182
92901 0.001186
93001 0.001146
93101 0.001222
93201 0.001298
93301 0.001281
93401 0.001446
93501 0.001442
93601 0.001376
93701 0.001317
93801 0.001222
93901 0.001023
94001 0.001129
94101 0.001041
94201 0.001272
94301 0.001221
94401 0.001138
94501 0.000975
94601 0.00096
94701 0.000969
94801 0.000986
94901 0.001324
95001 0.000926
95101 0.000951
95201 0.000873
95301 0.001196
95401 0.00077
95501 0.00112
95601 0.001139
95701 0.000735
95801 0.000667
95901 0.000803
96001 0.000925
96101 0.000791
96201 0.000761
96301 0.001094
96401 0.001594
96501 0.000741
96601 0.001333
96701 0.001039
96801 0.000921
96901 0.001068
97001 0.001056
97101 0.000903
97201 0.000823
97301 0.000906
97401 0.000969
97501 0.00063
97601 0.000789
97701 0.001163
97801 0.000794
97901 0.00085
98001 0.000822
98101 0.000926
98201 0.001226
98301 0.000945
98401 0.001189
98501 0.00086
98601 0.000815
98701 0.000687
98801 0.000638
98901 0.000853
99001 0.000687
99101 0.000814
99201 0.000641
99301 0.001395
99401 0.000733
99501 0.000807
99601 0.001101
99701 0.000668
99801 0.000864
99901 0.000669
