1 4e-06
101 6e-06
201 8e-06
301 1.1e-05
401 1.4e-05
501 1.7e-05
601 3.6e-05
701 2e-05
801 4.8e-05
901 3.1e-05
1001 3.4e-05
1101 6.6e-05
1201 0.000115
1301 5.5e-05
1401 7.8e-05
1501 4.1e-05
1601 8.9e-05
1701 4.3e-05
1801 4.6e-05
1901 4.9e-05
2001 5e-05
2101 5.3e-05
2201 5.6e-05
2301 5.8e-05
2401 6.4e-05
2501 6.4e-05
2601 0.000204
2701 0.000126
2801 7e-05
2901 7.4e-05
3001 7.6e-05
3101 7.8e-05
3201 0.000115
3301 8.3e-05
3401 8.6e-05
3501 0.000142
3601 9.1e-05
3701 9.3e-05
3801 9.6e-05
3901 9.8e-05
4001 0.000103
4101 0.000104
4201 0.000106
4301 0.000108
4401 0.000434
4501 0.000253
4601 0.000145
4701 0.000231
4801 0.000137
4901 0.000123
5001 0.000126
5101 0.000128
5201 0.000133
5301 0.000155
5401 0.000477
5501 0.000506
5601 0.000229
5701 0.000143
5801 0.000151
5901 0.000148
6001 0.000361
6101 0.000153
6201 0.000155
6301 0.00022
6401 0.000233
6501 0.000464
6601 0.000245
6701 0.000273
6801 0.000342
6901 0.00046
7001 0.000309
7101 0.000295
7201 0.000399
7301 0.00046
7401 0.00023
7501 0.000358
7601 0.000236
7701 0.000594
7801 0.000317
7901 0.000502
8001 0.000359
8101 0.00034
8201 0.00055
8301 0.000454
8401 0.000396
8501 0.000231
8601 0.000234
8701 0.000427
8801 0.00024
8901 0.000352
9001 0.000589
9101 0.000248
9201 0.00045
9301 0.000254
9401 0.000967
9501 0.00034
9601 0.000541
9701 0.000267
9801 0.000438
9901 0.000354
10001 0.000355
10101 0.000289
10201 0.000359
10301 0.000554
10401 0.000314
10501 0.000486
10601 0.000288
10701 0.000414
10801 0.000549
10901 0.000809
11001 0.000936
11101 0.000292
11201 0.000413
11301 0.00041
11401 0.000497
11501 0.000312
11601 0.000409
11701 0.000877
11801 0.00091
11901 0.000705
12001 0.00074
12101 0.000838
12201 0.000785
12301 0.000866
12401 0.000743
12501 0.000744
12601 0.000772
12701 0.000899
12801 0.001162
12901 0.000827
13001 0.000781
13101 0.000715
13201 0.000863
13301 0.000741
13401 0.000704
13501 0.000903
13601 0.001241
13701 0.000758
13801 0.000799
13901 0.000839
14001 0.00084
14101 0.000815
14201 0.000776
14301 0.000749
14401 0.00087
14501 0.001235
14601 0.000767
14701 0.000771
14801 0.000867
14901 0.000828
15001 0.00091
15101 0.000979
15201 0.0011
15301 0.000881
15401 0.000964
15501 0.000894
15601 0.000929
15701 0.000836
15801 0.00089
15901 0.001079
16001 0.000969
16101 0.000959
16201 0.001073
16301 0.000943
16401 0.000884
16501 0.000921
16601 0.001008
16701 0.000906
16801 0.000904
16901 0.000974
17001 0.000975
17101 0.001006
17201 0.001135
17301 0.001068
17401 0.000938
17501 0.00095
17601 0.001078
17701 0.001304
17801 0.001175
17901 0.001194
18001 0.001317
18101 0.001153
18201 0.001158
18301 0.001082
18401 0.001364
18501 0.001272
18601 0.0011
18701 0.001072
18801 0.001193
18901 0.001095
19001 0.001424
19101 0.001081
19201 0.00118
19301 0.001164
19401 0.001135
19501 0.001287
19601 0.001312
19701 0.001208
19801 0.001062
19901 0.001124
20001 0.001132
20101 0.001204
20201 0.000955
20301 0.000915
20401 0.000844
20501 0.000922
20601 0.000926
20701 0.000883
20801 0.001195
20901 0.000931
21001 0.000825
21101 0.000678
21201 0.000787
21301 0.000664
21401 0.000726
21501 0.000755
21601 0.0008
21701 0.001481
21801 0.000809
21901 0.000711
22001 0.000806
22101 0.000577
22201 0.000629
22301 0.000796
22401 0.000634
22501 0.001558
22601 0.000841
22701 0.00076
22801 0.000707
22901 0.000732
23001 0.000738
23101 0.000794
23201 0.000694
23301 0.000519
23401 0.001198
23501 0.000661
23601 0.000627
23701 0.000649
23801 0.00053
23901 0.00063
24001 0.000534
24101 0.000841
24201 0.00073
24301 0.001492
24401 0.000564
24501 0.000786
24601 0.000623
24701 0.000572
24801 0.00071
24901 0.001152
25001 0.000778
25101 0.000846
25201 0.000989
25301 0.000805
25401 0.000872
25501 0.000736
25601 0.000943
25701 0.000872
25801 0.000692
25901 0.001028
26001 0.000982
26101 0.00082
26201 0.000752
26301 0.000607
26401 0.000738
26501 0.000667
26601 0.000924
26701 0.000878
26801 0.001945
26901 0.001094
27001 0.001693
27101 0.000881
27201 0.000896
27301 0.001374
27401 0.00104
27501 0.000911
27601 0.000922
27701 0.000831
27801 0.000925
27901 0.000956
28001 0.001319
28101 0.000937
28201 0.000818
28301 0.000904
28401 0.000847
28501 0.000955
28601 0.000957
28701 0.001358
28801 0.000929
28901 0.000913
29001 0.000949
29101 0.000912
29201 0.000846
29301 0.000896
29401 0.001434
29501 0.000908
29601 0.000944
29701 0.000976
29801 0.000863
29901 0.000959
30001 0.0011
30101 0.001504
30201 0.000979
30301 0.000933
30401 0.001134
30501 0.000999
30601 0.001023
30701 0.001284
30801 0.001098
30901 0.001307
31001 0.001049
31101 0.001284
31201 0.001115
31301 0.001497
31401 0.001051
31501 0.001146
31601 0.001162
31701 0.001271
31801 0.001654
31901 0.001316
32001 0.001296
32101 0.001417
32201 0.00134
32301 0.001818
32401 0.001444
32501 0.001181
32601 0.001294
32701 0.001419
32801 0.001638
32901 0.001514
33001 0.001281
33101 0.001933
33201 0.002339
33301 0.001396
33401 0.001321
33501 0.001354
33601 0.001723
33701 0.001402
33801 0.001305
33901 0.001415
34001 0.001201
34101 0.001531
34201 0.001354
34301 0.00112
34401 0.001201
34501 0.001183
34601 0.00133
34701 0.001381
34801 0.001305
34901 0.00104
35001 0.001069
35101 0.001041
35201 0.001837
35301 0.001927
35401 0.001906
35501 0.001231
35601 0.001341
35701 0.001392
35801 0.001319
35901 0.001122
36001 0.001218
36101 0.001153
36201 0.001541
36301 0.001335
36401 0.001317
36501 0.001232
36601 0.001307
36701 0.001634
36801 0.001117
36901 0.001432
37001 0.001309
37101 0.00114
37201 0.001611
37301 0.001623
37401 0.001308
37501 0.001284
37601 0.001179
37701 0.001656
37801 0.001182
37901 0.001346
38001 0.001286
38101 0.001418
38201 0.001776
38301 0.001239
38401 0.001629
38501 0.001225
38601 0.001705
38701 0.002205
38801 0.00136
38901 0.001253
39001 0.001397
39101 0.002366
39201 0.001809
39301 0.002029
39401 0.002232
39501 0.002117
39601 0.002137
39701 0.002458
39801 0.002135
39901 0.0019
40001 0.001847
40101 0.001866
40201 0.001798
40301 0.001705
40401 0.001889
40501 0.002094
40601 0.001504
40701 0.001403
40801 0.002189
40901 0.001417
41001 0.001329
41101 0.001563
41201 0.001282
41301 0.001886
41401 0.001428
41501 0.001245
41601 0.001176
41701 0.001209
41801 0.002328
41901 0.002341
42001 0.001299
42101 0.001578
42201 0.001238
42301 0.001146
42401 0.001313
42501 0.001363
42601 0.001116
42701 0.001887
42801 0.001328
42901 0.001186
43001 0.001238
43101 0.002129
43201 0.00126
43301 0.001449
43401 0.001889
43501 0.001983
43601 0.001408
43701 0.001448
43801 0.001469
43901 0.001392
44001 0.002047
44101 0.002243
44201 0.001668
44301 0.002066
44401 0.001793
44501 0.001798
44601 0.002109
44701 0.002303
44801 0.002054
44901 0.002011
45001 0.002818
45101 0.001967
45201 0.002665
45301 0.00241
45401 0.002478
45501 0.001891
45601 0.001866
45701 0.001729
45801 0.001618
45901 0.001708
46001 0.001989
46101 0.00161
46201 0.001537
46301 0.001445
46401 0.001833
46501 0.001903
46601 0.001246
46701 0.001897
46801 0.001828
46901 0.001182
47001 0.001308
47101 0.001416
47201 0.001329
47301 0.001727
47401 0.001413
47501 0.001382
47601 0.001221
47701 0.001654
47801 0.002996
47901 0.002366
48001 0.002011
48101 0.001442
48201 0.001935
48301 0.002484
48401 0.002379
48501 0.002026
48601 0.002038
48701 0.002507
48801 0.002104
48901 0.002326
49001 0.002443
49101 0.002192
49201 0.004364
49301 0.002133
49401 0.002129
49501 0.002921
49601 0.002193
49701 0.002244
49801 0.003002
49901 0.002136
50001 0.002302
50101 0.002429
50201 0.002177
50301 0.002496
50401 0.002343
50501 0.002249
50601 0.002403
50701 0.002892
50801 0.002176
50901 0.002407
51001 0.001855
51101 0.001789
51201 0.002072
51301 0.002059
51401 0.001764
51501 0.001738
51601 0.00276
51701 0.00181
51801 0.001745
51901 0.001953
52001 0.001933
52101 0.001501
52201 0.001858
52301 0.001879
52401 0.002928
52501 0.002792
52601 0.002789
52701 0.002195
52801 0.002185
52901 0.002535
53001 0.002492
53101 0.002902
53201 0.003279
53301 0.003185
53401 0.003358
53501 0.002652
53601 0.003151
53701 0.002394
53801 0.00295
53901 0.002659
54001 0.002377
54101 0.002903
54201 0.002513
54301 0.002817
54401 0.002508
54501 0.002273
54601 0.002413
54701 0.002388
54801 0.002657
54901 0.002493
55001 0.002133
55101 0.001984
55201 0.00257
55301 0.002111
55401 0.00216
55501 0.002687
55601 0.001979
55701 0.00194
55801 0.002185
55901 0.002002
56001 0.001787
56101 0.001422
56201 0.002546
56301 0.001902
56401 0.002011
56501 0.001861
56601 0.001543
56701 0.002879
56801 0.002619
56901 0.003043
57001 0.002295
57101 0.002453
57201 0.002137
57301 0.002403
57401 0.002687
57501 0.002932
57601 0.003178
57701 0.002361
57801 0.002429
57901 0.002839
58001 0.002445
58101 0.002293
58201 0.003213
58301 0.00294
58401 0.003206
58501 0.003125
58601 0.002827
58701 0.002597
58801 0.002397
58901 0.002961
59001 0.002897
59101 0.003077
59201 0.002838
59301 0.002744
59401 0.002624
59501 0.00229
59601 0.002905
59701 0.002235
59801 0.002766
59901 0.002277
60001 0.001864
60101 0.001781
60201 0.002185
60301 0.001862
60401 0.001702
60501 0.002209
60601 0.002097
60701 0.002594
60801 0.003233
60901 0.001883
61001 0.001934
61101 0.001676
61201 0.002294
61301 0.001803
61401 0.001787
61501 0.002319
61601 0.002346
61701 0.002876
61801 0.002865
61901 0.003136
62001 0.002928
62101 0.002529
62201 0.002964
62301 0.002958
62401 0.00243
62501 0.003188
62601 0.002543
62701 0.00265
62801 0.003196
62901 0.002896
63001 0.002781
63101 0.002449
63201 0.00233
63301 0.003447
63401 0.002465
63501 0.003039
63601 0.002448
63701 0.002468
63801 0.003091
63901 0.002266
64001 0.002964
64101 0.002257
64201 0.002034
64301 0.002477
64401 0.002183
64501 0.001918
64601 0.002138
64701 0.001827
64801 0.002591
64901 0.004598
65001 0.005247
65101 0.004477
65201 0.00291
65301 0.002406
65401 0.002773
65501 0.003428
65601 0.003554
65701 0.003759
65801 0.002678
65901 0.002866
66001 0.002599
66101 0.003037
66201 0.002727
66301 0.002563
66401 0.002837
66501 0.002568
66601 0.003172
66701 0.002904
66801 0.003071
66901 0.003308
67001 0.003018
67101 0.003615
67201 0.003325
67301 0.003517
67401 0.003362
67501 0.003438
67601 0.003296
67701 0.003165
67801 0.002848
67901 0.003103
68001 0.002267
68101 0.002502
68201 0.002699
68301 0.00224
68401 0.003032
68501 0.002611
68601 0.002046
68701 0.002875
68801 0.001752
68901 0.001694
69001 0.002671
69101 0.002129
69201 0.003928
69301 0.002467
69401 0.001691
69501 0.001756
69601 0.002661
69701 0.001864
69801 0.002039
69901 0.002447
70001 0.002202
70101 0.001934
70201 0.001962
70301 0.002488
70401 0.002972
70501 0.005124
70601 0.005482
70701 0.005362
70801 0.005379
70901 0.005468
71001 0.005121
71101 0.005391
71201 0.005431
71301 0.005255
71401 0.004612
71501 0.004413
71601 0.003931
71701 0.004425
71801 0.004095
71901 0.004182
72001 0.004365
72101 0.004048
72201 0.00429
72301 0.00443
72401 0.004172
72501 0.004222
72601 0.004021
72701 0.004211
72801 0.004412
72901 0.004085
73001 0.004286
73101 0.004179
73201 0.004156
73301 0.004218
73401 0.004416
73501 0.003598
73601 0.003471
73701 0.003772
73801 0.003906
73901 0.003891
74001 0.003717
74101 0.003498
74201 0.004713
74301 0.003978
74401 0.004618
74501 0.005088
74601 0.004287
74701 0.004449
74801 0.003598
74901 0.003201
75001 0.003141
75101 0.003272
75201 0.002648
75301 0.003325
75401 0.002477
75501 0.002873
75601 0.002288
75701 0.002591
75801 0.002857
75901 0.002412
76001 0.002136
76101 0.002853
76201 0.002059
76301 0.002147
76401 0.002615
76501 0.002609
76601 0.002854
76701 0.00263
76801 0.002074
76901 0.002715
77001 0.00216
77101 0.002153
77201 0.002455
77301 0.002325
77401 0.00303
77501 0.002955
77601 0.002323
77701 0.003297
77801 0.00356
77901 0.002843
78001 0.0027
78101 0.00368
78201 0.004075
78301 0.002307
78401 0.00287
78501 0.002692
78601 0.003111
78701 0.002641
78801 0.002883
78901 0.002903
79001 0.002649
79101 0.003179
79201 0.002663
79301 0.002969
79401 0.002603
79501 0.003363
79601 0.003147
79701 0.002832
79801 0.003007
79901 0.002604
80001 0.003491
80101 0.002775
80201 0.002505
80301 0.003488
80401 0.002485
80501 0.004417
80601 0.004087
80701 0.004203
80801 0.004351
80901 0.003918
81001 0.003506
81101 0.003204
81201 0.003026
81301 0.003376
81401 0.004769
81501 0.003305
81601 0.003351
81701 0.003746
81801 0.003547
81901 0.003063
82001 0.003568
82101 0.003415
82201 0.003846
82301 0.003145
82401 0.003806
82501 0.004287
82601 0.005206
82701 0.00483
82801 0.004748
82901 0.017518
83001 0.004965
83101 0.004118
83201 0.00373
83301 0.003868
83401 0.003147
83501 0.003847
83601 0.00372
83701 0.004662
83801 0.003038
83901 0.003502
84001 0.003193
84101 0.003443
84201 0.002876
84301 0.003414
84401 0.003273
84501 0.003979
84601 0.003431
84701 0.003873
84801 0.0032
84901 0.003221
85001 0.003042
85101 0.003225
85201 0.012334
85301 0.003169
85401 0.003253
85501 0.003148
85601 0.002577
85701 0.003126
85801 0.002487
85901 0.003369
86001 0.002611
86101 0.002703
86201 0.003397
86301 0.002819
86401 0.003864
86501 0.002679
86601 0.004685
86701 0.005031
86801 0.003891
86901 0.004508
87001 0.003946
87101 0.004531
87201 0.004144
87301 0.003892
87401 0.004441
87501 0.005098
87601 0.004245
87701 0.004596
87801 0.004981
87901 0.004548
88001 0.004406
88101 0.00497
88201 0.00414
88301 0.004356
88401 0.005012
88501 0.004599
88601 0.004959
88701 0.004459
88801 0.003461
88901 0.004768
89001 0.004653
89101 0.004066
89201 0.005101
89301 0.003827
89401 0.004551
89501 0.004873
89601 0.003937
89701 0.004315
89801 0.004197
89901 0.003606
90001 0.004006
90101 0.003771
90201 0.005049
90301 0.005425
90401 0.00486
90501 0.004486
90601 0.004899
90701 0.005402
90801 0.004984
90901 0.00505
91001 0.00416
91101 0.003769
91201 0.003786
91301 0.005489
91401 0.003084
91501 0.003363
91601 0.003542
91701 0.003659
91801 0.003814
91901 0.00385
92001 0.00442
92101 0.004628
92201 0.004747
92301 0.004131
92401 0.004935
92501 0.004973
92601 0.005163
92701 0.004322
92801 0.004332
92901 0.00382
93001 0.003957
93101 0.003325
93201 0.003366
93301 0.002863
93401 0.003899
93501 0.00379
93601 0.004151
93701 0.003737
93801 0.003663
93901 0.005803
94001 0.007314
94101 0.004677
94201 0.003858
94301 0.005063
94401 0.00519
94501 0.004001
94601 0.004059
94701 0.003831
94801 0.004225
94901 0.004091
95001 0.003704
95101 0.004248
95201 0.00399
95301 0.004436
95401 0.004208
95501 0.004404
95601 0.005076
95701 0.005252
95801 0.004251
95901 0.004069
96001 0.00433
96101 0.003169
96201 0.004028
96301 0.003363
96401 0.003444
96501 0.002805
96601 0.002466
96701 0.00343
96801 0.002864
96901 0.003041
97001 0.003206
97101 0.006336
97201 0.004707
97301 0.004522
97401 0.004416
97501 0.003958
97601 0.003572
97701 0.003369
97801 0.003138
97901 0.004227
98001 0.003426
98101 0.004072
98201 0.003074
98301 0.003255
98401 0.003217
98501 0.003674
98601 0.003429
98701 0.004222
98801 0.003721
98901 0.00527
99001 0.004663
99101 0.003835
99201 0.004029
99301 0.003852
99401 0.002973
99501 0.003468
99601 0.004084
99701 0.005485
99801 0.00439
99901 0.003918
