1000 9e-06
2000 1.7e-05
3000 2.4e-05
4000 3.2e-05
5000 3.8e-05
6000 5.3e-05
7000 5.2e-05
8000 5.9e-05
9000 6.6e-05
10000 7.3e-05
11000 8e-05
12000 0.000107
13000 9.8e-05
14000 0.000143
15000 0.000109
16000 0.000116
17000 0.000123
18000 0.000131
19000 0.000138
20000 0.000145
21000 0.000172
22000 0.00016
23000 0.000167
24000 0.000175
25000 0.000188
26000 0.000206
27000 0.000202
28000 0.000203
29000 0.000144
30000 0.000135
31000 0.000137
32000 0.000217
33000 0.000146
34000 0.000151
35000 0.000154
36000 0.000159
37000 0.000163
38000 0.000178
39000 0.000172
40000 0.000176
41000 0.000192
42000 0.00019
43000 0.000284
44000 0.000194
45000 0.000203
46000 0.000204
47000 0.000288
48000 0.000212
49000 0.000383
50000 0.000376
51000 0.000259
52000 0.000387
53000 0.000309
54000 0.000238
55000 0.000246
56000 0.000253
57000 0.000327
58000 0.000318
59000 0.000317
60000 0.000357
61000 0.000284
62000 0.000273
63000 0.000278
64000 0.000349
65000 0.000287
66000 0.000291
67000 0.000305
68000 0.0003
69000 0.000387
70000 0.000501
71000 0.000316
72000 0.000384
73000 0.00041
74000 0.000349
75000 0.00034
76000 0.000373
77000 0.000355
78000 0.000343
79000 0.000348
80000 0.000362
81000 0.000357
82000 0.000399
83000 0.000376
84000 0.000386
85000 0.000481
86000 0.000437
87000 0.000595
88000 0.000388
89000 0.000463
90000 0.000415
91000 0.000452
92000 0.000425
93000 0.000488
94000 0.000414
95000 0.000418
96000 0.000433
97000 0.000458
98000 0.000452
99000 0.000437
100000 0.000508
101000 0.000482
102000 0.000538
103000 0.000454
104000 0.000468
105000 0.000462
106000 0.000475
107000 0.000473
108000 0.000484
109000 0.000483
110000 0.000555
111000 0.000503
112000 0.000565
113000 0.000498
114000 0.000515
115000 0.000621
116000 0.000634
117000 0.000682
118000 0.0006
119000 0.000532
120000 0.000541
121000 0.000534
122000 0.000594
123000 0.000769
124000 0.000559
125000 0.00058
126000 0.000647
127000 0.000562
128000 0.000596
129000 0.000582
130000 0.000589
131000 0.000594
132000 0.000592
133000 0.000719
134000 0.000635
135000 0.000735
136000 0.000601
137000 0.000771
138000 0.000665
139000 0.000612
140000 0.00074
141000 0.000668
142000 0.000676
143000 0.000645
144000 0.000695
145000 0.000663
146000 0.00093
147000 0.0008
148000 0.000729
149000 0.000659
150000 0.000684
151000 0.000674
152000 0.000699
153000 0.000674
154000 0.000687
155000 0.000691
156000 0.000869
157000 0.000712
158000 0.000743
159000 0.000781
160000 0.000724
161000 0.000741
162000 0.000752
163000 0.000759
164000 0.000731
165000 0.000745
166000 0.000733
167000 0.000779
168000 0.000751
169000 0.000845
170000 0.000764
171000 0.000754
172000 0.000839
173000 0.000812
174000 0.000884
175000 0.000791
176000 0.000856
177000 0.000779
178000 0.000857
179000 0.000831
180000 0.000815
181000 0.000881
182000 0.000862
183000 0.000851
184000 0.000819
185000 0.000818
186000 0.000884
187000 0.000889
188000 0.000836
189000 0.00084
190000 0.000852
191000 0.00087
192000 0.000856
193000 0.00086
194000 0.000855
195000 0.000879
196000 0.000945
197000 0.000877
198000 0.000963
199000 0.00089
200000 0.000925
201000 0.000894
202000 0.000938
203000 0.000905
204000 0.000932
205000 0.001036
206000 0.000948
207000 0.000941
208000 0.000984
209000 0.000963
210000 0.001006
211000 0.001008
212000 0.00099
213000 0.001001
214000 0.001033
215000 0.000983
216000 0.001043
217000 0.001022
218000 0.000993
219000 0.001002
220000 0.001027
221000 0.001048
222000 0.00101
223000 0.001026
224000 0.001059
225000 0.001039
226000 0.001038
227000 0.001034
228000 0.001079
229000 0.001078
230000 0.001054
231000 0.001108
232000 0.001088
233000 0.001075
234000 0.001083
235000 0.001074
236000 0.00109
237000 0.001094
238000 0.0011
239000 0.001113
240000 0.001232
241000 0.001103
242000 0.001144
243000 0.001122
244000 0.001124
245000 0.00115
246000 0.001184
247000 0.001163
248000 0.001128
249000 0.001187
250000 0.001165
251000 0.00115
252000 0.001178
253000 0.001185
254000 0.001156
255000 0.001161
256000 0.001259
257000 0.001171
258000 0.001202
259000 0.001249
260000 0.001229
261000 0.00119
262000 0.001221
263000 0.001246
264000 0.001207
265000 0.001282
266000 0.001253
267000 0.00126
268000 0.001235
269000 0.001351
270000 0.001248
271000 0.001232
272000 0.001293
273000 0.001297
274000 0.001266
275000 0.001321
276000 0.001307
277000 0.001266
278000 0.001347
279000 0.001325
280000 0.001272
281000 0.001325
282000 0.001307
283000 0.001296
284000 0.001305
285000 0.001359
286000 0.001299
287000 0.001417
288000 0.001368
289000 0.001318
290000 0.001333
291000 0.001345
292000 0.001347
293000 0.001369
294000 0.001406
295000 0.001427
296000 0.00134
297000 0.001411
298000 0.001328
299000 0.001406
300000 0.001376
301000 0.001347
302000 0.001469
303000 0.001384
304000 0.00138
305000 0.001391
306000 0.001358
307000 0.001392
308000 0.001418
309000 0.001408
310000 0.00142
311000 0.00147
312000 0.001383
313000 0.00156
314000 0.001444
315000 0.00151
316000 0.001457
317000 0.001544
318000 0.001441
319000 0.0015
320000 0.001437
321000 0.001542
322000 0.001485
323000 0.00145
324000 0.001458
325000 0.001443
326000 0.001509
327000 0.001531
328000 0.00147
329000 0.001506
330000 0.001553
331000 0.001756
332000 0.00149
333000 0.001543
334000 0.001693
335000 0.001639
336000 0.001645
337000 0.001644
338000 0.001506
339000 0.001543
340000 0.001566
341000 0.001571
342000 0.001725
343000 0.001529
344000 0.001604
345000 0.001612
346000 0.001546
347000 0.001602
348000 0.001542
349000 0.001785
350000 0.001607
351000 0.001579
352000 0.001558
353000 0.001574
354000 0.001657
355000 0.001638
356000 0.001703
357000 0.001663
358000 0.001926
359000 0.001666
360000 0.001601
361000 0.00173
362000 0.001678
363000 0.001666
364000 0.00168
365000 0.0017
366000 0.001703
367000 0.001654
368000 0.001772
369000 0.001781
370000 0.001653
371000 0.00169
372000 0.001664
373000 0.001763
374000 0.001724
375000 0.001757
376000 0.001664
377000 0.001728
378000 0.002066
379000 0.001943
380000 0.001822
381000 0.001792
382000 0.001861
383000 0.001721
384000 0.001748
385000 0.001843
386000 0.001795
387000 0.001712
388000 0.001731
389000 0.001796
390000 0.0018
391000 0.001854
392000 0.001794
393000 0.001828
394000 0.001796
395000 0.001808
396000 0.001816
397000 0.001907
398000 0.0018
399000 0.001842
400000 0.001929
401000 0.001894
402000 0.001922
403000 0.001952
404000 0.0019
405000 0.001891
406000 0.001873
407000 0.001953
408000 0.002074
409000 0.001871
410000 0.001881
411000 0.001845
412000 0.001837
413000 0.001935
414000 0.002051
415000 0.002071
416000 0.001902
417000 0.001923
418000 0.002171
419000 0.001965
420000 0.001982
421000 0.001949
422000 0.001977
423000 0.002004
424000 0.00196
425000 0.001892
426000 0.002008
427000 0.001907
428000 0.00204
429000 0.002036
430000 0.002068
431000 0.001964
432000 0.002063
433000 0.001996
434000 0.002038
435000 0.002043
436000 0.002082
437000 0.00202
438000 0.002114
439000 0.001994
440000 0.002065
441000 0.002689
442000 0.002006
443000 0.002081
444000 0.002002
445000 0.002176
446000 0.002325
447000 0.002118
448000 0.002094
449000 0.002005
450000 0.00216
451000 0.002068
452000 0.002089
453000 0.002119
454000 0.002133
455000 0.002035
456000 0.002147
457000 0.002142
458000 0.002138
459000 0.002154
460000 0.002231
461000 0.00224
462000 0.002258
463000 0.002124
464000 0.002185
465000 0.002204
466000 0.002124
467000 0.002156
468000 0.002079
469000 0.00219
470000 0.002147
471000 0.002201
472000 0.002169
473000 0.002207
474000 0.002222
475000 0.002216
476000 0.002223
477000 0.002734
478000 0.002356
479000 0.002208
480000 0.002321
481000 0.002306
482000 0.002224
483000 0.00231
484000 0.00215
485000 0.002296
486000 0.002175
487000 0.002379
488000 0.002262
489000 0.002286
490000 0.002367
491000 0.002303
492000 0.002344
493000 0.00234
494000 0.002329
495000 0.002284
496000 0.002211
497000 0.002337
498000 0.002274
499000 0.002352
500000 0.002331
501000 0.002337
502000 0.002418
503000 0.002424
504000 0.002381
505000 0.002597
506000 0.002298
507000 0.002447
508000 0.002341
509000 0.002432
510000 0.002664
511000 0.002343
512000 0.00245
513000 0.002392
514000 0.002528
515000 0.002368
516000 0.002336
517000 0.002481
518000 0.002366
519000 0.002378
520000 0.002417
521000 0.002384
522000 0.00246
523000 0.002428
524000 0.002331
525000 0.002566
526000 0.002428
527000 0.002484
528000 0.002435
529000 0.002494
530000 0.002437
531000 0.002422
532000 0.002985
533000 0.002629
534000 0.002542
535000 0.002533
536000 0.002564
537000 0.00246
538000 0.0024
539000 0.00247
540000 0.002398
541000 0.002661
542000 0.002447
543000 0.002498
544000 0.0025
545000 0.002612
546000 0.002515
547000 0.002573
548000 0.002557
549000 0.002618
550000 0.002519
551000 0.002529
552000 0.002597
553000 0.002534
554000 0.002575
555000 0.002576
556000 0.002558
557000 0.002558
558000 0.002627
559000 0.002488
560000 0.002646
561000 0.002666
562000 0.002502
563000 0.002716
564000 0.002721
565000 0.002628
566000 0.002639
567000 0.002599
568000 0.002643
569000 0.002569
570000 0.002647
571000 0.002644
572000 0.00264
573000 0.002696
574000 0.002664
575000 0.002672
576000 0.002764
577000 0.002592
578000 0.002665
579000 0.00279
580000 0.002645
581000 0.002742
582000 0.002647
583000 0.002877
584000 0.002718
585000 0.002756
586000 0.002794
587000 0.002775
588000 0.002886
589000 0.002863
590000 0.002806
591000 0.002694
592000 0.002736
593000 0.002722
594000 0.002815
595000 0.003081
596000 0.002867
597000 0.002666
598000 0.00281
599000 0.002755
600000 0.002839
601000 0.00281
602000 0.002857
603000 0.002767
604000 0.002696
605000 0.002812
606000 0.002794
607000 0.002803
608000 0.002919
609000 0.002826
610000 0.002794
611000 0.002902
612000 0.00287
613000 0.002838
614000 0.002863
615000 0.002973
616000 0.002867
617000 0.002822
618000 0.002963
619000 0.002816
620000 0.002797
621000 0.002902
622000 0.00314
623000 0.002862
624000 0.003086
625000 0.002941
626000 0.002895
627000 0.002876
628000 0.002868
629000 0.002942
630000 0.002923
631000 0.002968
632000 0.002823
633000 0.002933
634000 0.00297
635000 0.003015
636000 0.002922
637000 0.002949
638000 0.002981
639000 0.002945
640000 0.002965
641000 0.002984
642000 0.003102
643000 0.002921
644000 0.002911
645000 0.003003
646000 0.003073
647000 0.003056
648000 0.002906
649000 0.003031
650000 0.003075
651000 0.0031
652000 0.00327
653000 0.002979
654000 0.003153
655000 0.003099
656000 0.00294
657000 0.002956
658000 0.003112
659000 0.003068
660000 0.003005
661000 0.003042
662000 0.003012
663000 0.00345
664000 0.003107
665000 0.003086
666000 0.00311
667000 0.003187
668000 0.003069
669000 0.003057
670000 0.003066
671000 0.003825
672000 0.003076
673000 0.003254
674000 0.003331
675000 0.003104
676000 0.003191
677000 0.003211
678000 0.003094
679000 0.003167
680000 0.003157
681000 0.003026
682000 0.003252
683000 0.00313
684000 0.003283
685000 0.003131
686000 0.003394
687000 0.003398
688000 0.003096
689000 0.003206
690000 0.003168
691000 0.003177
692000 0.003188
693000 0.003224
694000 0.003159
695000 0.003236
696000 0.003227
697000 0.003144
698000 0.003202
699000 0.003327
700000 0.003232
701000 0.003159
702000 0.00319
703000 0.003267
704000 0.003432
705000 0.00368
706000 0.003287
707000 0.003237
708000 0.003277
709000 0.003164
710000 0.003314
711000 0.003517
712000 0.003466
713000 0.00339
714000 0.003729
715000 0.003209
716000 0.003374
717000 0.003437
718000 0.003379
719000 0.003486
720000 0.003389
721000 0.003226
722000 0.003285
723000 0.003489
724000 0.003551
725000 0.003431
726000 0.003479
727000 0.003282
728000 0.003379
729000 0.003434
730000 0.003358
731000 0.003455
732000 0.004034
733000 0.004491
734000 0.003326
735000 0.003418
736000 0.003478
737000 0.003396
738000 0.003418
739000 0.003442
740000 0.003416
741000 0.003455
742000 0.00349
743000 0.0036
744000 0.003492
745000 0.003465
746000 0.003468
747000 0.003487
748000 0.00356
749000 0.003457
750000 0.00356
751000 0.003503
752000 0.003391
753000 0.003564
754000 0.003504
755000 0.003548
756000 0.003674
757000 0.003508
758000 0.003525
759000 0.003641
760000 0.003491
761000 0.003516
762000 0.003846
763000 0.003472
764000 0.003394
765000 0.003612
766000 0.003473
767000 0.003484
768000 0.003641
769000 0.003608
770000 0.003628
771000 0.003874
772000 0.003748
773000 0.003683
774000 0.003525
775000 0.003581
776000 0.003638
777000 0.003535
778000 0.003661
779000 0.003715
780000 0.003597
781000 0.003637
782000 0.00391
783000 0.003628
784000 0.003651
785000 0.003679
786000 0.00358
787000 0.003651
788000 0.003702
789000 0.003674
790000 0.003889
791000 0.003743
792000 0.003627
793000 0.003575
794000 0.003684
795000 0.003735
796000 0.003592
797000 0.003676
798000 0.003725
799000 0.003547
800000 0.003866
801000 0.003693
802000 0.003736
803000 0.003875
804000 0.003733
805000 0.003926
806000 0.003702
807000 0.003845
808000 0.00397
809000 0.003837
810000 0.004121
811000 0.004071
812000 0.003703
813000 0.00383
814000 0.00377
815000 0.003717
816000 0.004104
817000 0.003825
818000 0.003919
819000 0.003676
820000 0.003765
821000 0.003883
822000 0.003787
823000 0.003816
824000 0.003863
825000 0.004023
826000 0.003868
827000 0.003901
828000 0.003783
829000 0.003814
830000 0.003836
831000 0.003896
832000 0.003898
833000 0.003922
834000 0.003927
835000 0.003996
836000 0.003901
837000 0.003846
838000 0.003976
839000 0.004612
840000 0.003945
841000 0.004167
842000 0.004538
843000 0.004241
844000 0.003967
845000 0.003985
846000 0.004018
847000 0.004022
848000 0.003958
849000 0.003966
850000 0.004024
851000 0.003996
852000 0.003986
853000 0.003992
854000 0.003997
855000 0.003973
856000 0.004041
857000 0.004003
858000 0.004098
859000 0.004033
860000 0.004059
861000 0.004109
862000 0.004053
863000 0.004034
864000 0.004026
865000 0.004005
866000 0.004094
867000 0.004056
868000 0.004067
869000 0.004099
870000 0.004083
871000 0.004126
872000 0.004113
873000 0.004193
874000 0.004229
875000 0.004288
876000 0.004226
877000 0.004182
878000 0.004121
879000 0.004092
880000 0.004096
881000 0.004109
882000 0.004176
883000 0.004285
884000 0.004078
885000 0.004211
886000 0.004156
887000 0.004077
888000 0.004258
889000 0.004186
890000 0.004393
891000 0.004146
892000 0.004152
893000 0.004191
894000 0.004202
895000 0.00417
896000 0.00425
897000 0.004227
898000 0.004339
899000 0.004317
900000 0.004181
901000 0.004229
902000 0.004169
903000 0.004222
904000 0.004294
905000 0.004206
906000 0.004405
907000 0.004323
908000 0.004198
909000 0.004323
910000 0.004127
911000 0.004306
912000 0.004159
913000 0.004331
914000 0.004471
915000 0.004332
916000 0.004264
917000 0.004381
918000 0.004257
919000 0.004275
920000 0.004265
921000 0.004551
922000 0.004397
923000 0.004198
924000 0.004398
925000 0.004221
926000 0.004337
927000 0.004244
928000 0.004336
929000 0.004378
930000 0.004392
931000 0.004287
932000 0.004278
933000 0.004386
934000 0.004276
935000 0.004343
936000 0.004496
937000 0.004401
938000 0.00453
939000 0.004294
940000 0.004331
941000 0.004313
942000 0.00439
943000 0.004319
944000 0.004377
945000 0.004457
946000 0.004556
947000 0.004404
948000 0.004475
949000 0.004458
950000 0.004535
951000 0.00439
952000 0.004476
953000 0.004364
954000 0.004462
955000 0.004503
956000 0.004334
957000 0.004448
958000 0.004398
959000 0.004626
960000 0.004457
961000 0.004569
962000 0.004391
963000 0.004459
964000 0.004547
965000 0.004457
966000 0.004569
967000 0.004532
968000 0.004716
969000 0.004446
970000 0.004527
971000 0.00451
972000 0.00441
973000 0.004587
974000 0.004744
975000 0.004445
976000 0.004533
977000 0.004593
978000 0.004625
979000 0.005481
980000 0.004654
981000 0.004967
982000 0.004599
983000 0.004566
984000 0.004609
985000 0.004731
986000 0.00457
987000 0.00467
988000 0.00452
989000 0.004827
990000 0.004995
991000 0.004648
992000 0.004608
993000 0.00472
994000 0.004528
995000 0.004564
996000 0.00473
997000 0.004613
998000 0.00466
999000 0.004655
