1000 5e-06
2000 1e-05
3000 1.5e-05
4000 3.4e-05
5000 2.3e-05
6000 2.7e-05
7000 3.2e-05
8000 3.6e-05
9000 4e-05
10000 4.5e-05
11000 4.9e-05
12000 5.3e-05
13000 5.8e-05
14000 6.3e-05
15000 6.6e-05
16000 7.1e-05
17000 7.6e-05
18000 8e-05
19000 0.000104
20000 0.000187
21000 9.3e-05
22000 9.7e-05
23000 0.000102
24000 0.000107
25000 0.00011
26000 0.000115
27000 0.000119
28000 0.000137
29000 0.000128
30000 0.000133
31000 0.000137
32000 0.000152
33000 0.000146
34000 0.00015
35000 0.000216
36000 0.000159
37000 0.000163
38000 0.000167
39000 0.000172
40000 0.000262
41000 0.000192
42000 0.000185
43000 0.00019
44000 0.000194
45000 0.00021
46000 0.000203
47000 0.000207
48000 0.000212
49000 0.000227
50000 0.000221
51000 0.000225
52000 0.000229
53000 0.000234
54000 0.000297
55000 0.000243
56000 0.000262
57000 0.000292
58000 0.000337
59000 0.000263
60000 0.000315
61000 0.000285
62000 0.000273
63000 0.000292
64000 0.000344
65000 0.000287
66000 0.000292
67000 0.000351
68000 0.000302
69000 0.000304
70000 0.000369
71000 0.000325
72000 0.000317
73000 0.000394
74000 0.000326
75000 0.000489
76000 0.000335
77000 0.000339
78000 0.000566
79000 0.000351
80000 0.00044
81000 0.000357
82000 0.000427
83000 0.000391
84000 0.000399
85000 0.000376
86000 0.00038
87000 0.000482
88000 0.000509
89000 0.0005
90000 0.000397
91000 0.000582
92000 0.000406
93000 0.000423
94000 0.000469
95000 0.000542
96000 0.000426
97000 0.000576
98000 0.000444
99000 0.000511
100000 0.000443
101000 0.000515
102000 0.000449
103000 0.000513
104000 0.00046
105000 0.000525
106000 0.000537
107000 0.000802
108000 0.000646
109000 0.000484
110000 0.000565
111000 0.00056
112000 0.000536
113000 0.000571
114000 0.000503
115000 0.000518
116000 0.000511
117000 0.000526
118000 0.000522
119000 0.000854
120000 0.000656
121000 0.000571
122000 0.000537
123000 0.000601
124000 0.000546
125000 0.000666
126000 0.000611
127000 0.000591
128000 0.000574
129000 0.000568
130000 0.000621
131000 0.000666
132000 0.000598
133000 0.000771
134000 0.000724
135000 0.000669
136000 0.000603
137000 0.000837
138000 0.000717
139000 0.000643
140000 0.000636
141000 0.00065
142000 0.000697
143000 0.001039
144000 0.000845
145000 0.000656
146000 0.000714
147000 0.000665
148000 0.000694
149000 0.000767
150000 0.000705
151000 0.000716
152000 0.0007
153000 0.00077
154000 0.000764
155000 0.000711
156000 0.000716
157000 0.000709
158000 0.000763
159000 0.000795
160000 0.000747
161000 0.000732
162000 0.00074
163000 0.000756
164000 0.000789
165000 0.000764
166000 0.00075
167000 0.000768
168000 0.000792
169000 0.000853
170000 0.000779
171000 0.000772
172000 0.000789
173000 0.000792
174000 0.000838
175000 0.000856
176000 0.000845
177000 0.000818
178000 0.000806
179000 0.000964
180000 0.000824
181000 0.000838
182000 0.000832
183000 0.000842
184000 0.00089
185000 0.000946
186000 0.000867
187000 0.000885
188000 0.000912
189000 0.000853
190000 0.00087
191000 0.000911
192000 0.000905
193000 0.00091
194000 0.000896
195000 0.000894
196000 0.000895
197000 0.000933
198000 0.000904
199000 0.000909
200000 0.000973
201000 0.000942
202000 0.000947
203000 0.000929
204000 0.000932
205000 0.000951
206000 0.000948
207000 0.00095
208000 0.000964
209000 0.000954
210000 0.000958
211000 0.000978
212000 0.000944
213000 0.000982
214000 0.000992
215000 0.000981
216000 0.000986
217000 0.001008
218000 0.001023
219000 0.001005
220000 0.001006
221000 0.001037
222000 0.001046
223000 0.001117
224000 0.001044
225000 0.001085
226000 0.001071
227000 0.001035
228000 0.001077
229000 0.00105
230000 0.001092
231000 0.001055
232000 0.001116
233000 0.001113
234000 0.001109
235000 0.001074
236000 0.001127
237000 0.001121
238000 0.001085
239000 0.00109
240000 0.001121
241000 0.001101
242000 0.001102
243000 0.001165
244000 0.001173
245000 0.001133
246000 0.00117
247000 0.001203
248000 0.001148
249000 0.001134
250000 0.001161
251000 0.001201
252000 0.001169
253000 0.001212
254000 0.001221
255000 0.001176
256000 0.001202
257000 0.00125
258000 0.001207
259000 0.001193
260000 0.001262
261000 0.001218
262000 0.001196
263000 0.001264
264000 0.00123
265000 0.001207
266000 0.001259
267000 0.00123
268000 0.00125
269000 0.001258
270000 0.001317
271000 0.001305
272000 0.001282
273000 0.001321
274000 0.001257
275000 0.001293
276000 0.001317
277000 0.001277
278000 0.001276
279000 0.001329
280000 0.001286
281000 0.001318
282000 0.001346
283000 0.001341
284000 0.0013
285000 0.002067
286000 0.001327
287000 0.001364
288000 0.00135
289000 0.001328
290000 0.001416
291000 0.001388
292000 0.001371
293000 0.001445
294000 0.001395
295000 0.00142
296000 0.001436
297000 0.001351
298000 0.001365
299000 0.001441
300000 0.001396
301000 0.001394
302000 0.001451
303000 0.002048
304000 0.001434
305000 0.001424
306000 0.001395
307000 0.001426
308000 0.001413
309000 0.00148
310000 0.001411
311000 0.001437
312000 0.001483
313000 0.001433
314000 0.001431
315000 0.001569
316000 0.001439
317000 0.001522
318000 0.001512
319000 0.001461
320000 0.001462
321000 0.001507
322000 0.001463
323000 0.001558
324000 0.001614
325000 0.00154
326000 0.001517
327000 0.001488
328000 0.001548
329000 0.001536
330000 0.001513
331000 0.001624
332000 0.001512
333000 0.001559
334000 0.001535
335000 0.001634
336000 0.001625
337000 0.00157
338000 0.001591
339000 0.001658
340000 0.001586
341000 0.001682
342000 0.001562
343000 0.00158
344000 0.001656
345000 0.001662
346000 0.00167
347000 0.001577
348000 0.001606
349000 0.001644
350000 0.001646
351000 0.001629
352000 0.001631
353000 0.00162
354000 0.001618
355000 0.001681
356000 0.001628
357000 0.001637
358000 0.001696
359000 0.001698
360000 0.001709
361000 0.001665
362000 0.001713
363000 0.001699
364000 0.001657
365000 0.001741
366000 0.001726
367000 0.001761
368000 0.001694
369000 0.001757
370000 0.001778
371000 0.001737
372000 0.001718
373000 0.00172
374000 0.001834
375000 0.001739
376000 0.001735
377000 0.001762
378000 0.001771
379000 0.001772
380000 0.001802
381000 0.001766
382000 0.001746
383000 0.001833
384000 0.001743
385000 0.001808
386000 0.001866
387000 0.001869
388000 0.001789
389000 0.001858
390000 0.001803
391000 0.00181
392000 0.00184
393000 0.001794
394000 0.001834
395000 0.001803
396000 0.001911
397000 0.001891
398000 0.00195
399000 0.001849
400000 0.00189
401000 0.00188
402000 0.001882
403000 0.001851
404000 0.001948
405000 0.001852
406000 0.001862
407000 0.001864
408000 0.001898
409000 0.001974
410000 0.001923
411000 0.00204
412000 0.001897
413000 0.00202
414000 0.00194
415000 0.001926
416000 0.001906
417000 0.001961
418000 0.001927
419000 0.001925
420000 0.001931
421000 0.002027
422000 0.001986
423000 0.002005
424000 0.001958
425000 0.002033
426000 0.001981
427000 0.002025
428000 0.001958
429000 0.002019
430000 0.00194
431000 0.002011
432000 0.002053
433000 0.00203
434000 0.002019
435000 0.002083
436000 0.002083
437000 0.002041
438000 0.002074
439000 0.002061
440000 0.002044
441000 0.002052
442000 0.002111
443000 0.002021
444000 0.002129
445000 0.002027
446000 0.002116
447000 0.002106
448000 0.002125
449000 0.002078
450000 0.002168
451000 0.002057
452000 0.002163
453000 0.002098
454000 0.00211
455000 0.002197
456000 0.002115
457000 0.002222
458000 0.002088
459000 0.002133
460000 0.002116
461000 0.002175
462000 0.002154
463000 0.002228
464000 0.00216
465000 0.002231
466000 0.002232
467000 0.002212
468000 0.002249
469000 0.002255
470000 0.002285
471000 0.002189
472000 0.002277
473000 0.002199
474000 0.002254
475000 0.00223
476000 0.002194
477000 0.002257
478000 0.002178
479000 0.002247
480000 0.00229
481000 0.00231
482000 0.002271
483000 0.002301
484000 0.00233
485000 0.002214
486000 0.002503
487000 0.002245
488000 0.00228
489000 0.00236
490000 0.002294
491000 0.002333
492000 0.0023
493000 0.002309
494000 0.002307
495000 0.002288
496000 0.002353
497000 0.002286
498000 0.002512
499000 0.002353
500000 0.002316
501000 0.002449
502000 0.002397
503000 0.002482
504000 0.002415
505000 0.002367
506000 0.002491
507000 0.002361
508000 0.002387
509000 0.002753
510000 0.002511
511000 0.002461
512000 0.002491
513000 0.002419
514000 0.002472
515000 0.002382
516000 0.002389
517000 0.002441
518000 0.002427
519000 0.002443
520000 0.002422
521000 0.002442
522000 0.002471
523000 0.002556
524000 0.002522
525000 0.002477
526000 0.00259
527000 0.002508
528000 0.002412
529000 0.002495
530000 0.002447
531000 0.002516
532000 0.002516
533000 0.002487
534000 0.002505
535000 0.002564
536000 0.002473
537000 0.002653
538000 0.002544
539000 0.00256
540000 0.002623
541000 0.002571
542000 0.002594
543000 0.002607
544000 0.002487
545000 0.002551
546000 0.002522
547000 0.002561
548000 0.002542
549000 0.002627
550000 0.002666
551000 0.002651
552000 0.002615
553000 0.002766
554000 0.002665
555000 0.002589
556000 0.002566
557000 0.002569
558000 0.002625
559000 0.002591
560000 0.002573
561000 0.002681
562000 0.003163
563000 0.003623
564000 0.003609
565000 0.015774
566000 0.002665
567000 0.0027
568000 0.002671
569000 0.002615
570000 0.002628
571000 0.002621
572000 0.002746
573000 0.002686
574000 0.002639
575000 0.002712
576000 0.002646
577000 0.002669
578000 0.002716
579000 0.002721
580000 0.002693
581000 0.002796
582000 0.002764
583000 0.002667
584000 0.002785
585000 0.002745
586000 0.00273
587000 0.002682
588000 0.00278
589000 0.002765
590000 0.002685
591000 0.002773
592000 0.002792
593000 0.002734
594000 0.002841
595000 0.002854
596000 0.002808
597000 0.002731
598000 0.00283
599000 0.002778
600000 0.002755
601000 0.002837
602000 0.002811
603000 0.002777
604000 0.002837
605000 0.002781
606000 0.002875
607000 0.002794
608000 0.002883
609000 0.002851
610000 0.002791
611000 0.002916
612000 0.002888
613000 0.002929
614000 0.002852
615000 0.002954
616000 0.002843
617000 0.002867
618000 0.002862
619000 0.002875
620000 0.002969
621000 0.002954
622000 0.002921
623000 0.002962
624000 0.002857
625000 0.002934
626000 0.002915
627000 0.002926
628000 0.002896
629000 0.002933
630000 0.003036
631000 0.002925
632000 0.003107
633000 0.00299
634000 0.003039
635000 0.002969
636000 0.002976
637000 0.002969
638000 0.002963
639000 0.003044
640000 0.003009
641000 0.003016
642000 0.002993
643000 0.003002
644000 0.003041
645000 0.002985
646000 0.003001
647000 0.003069
648000 0.003028
649000 0.003003
650000 0.004139
651000 0.004278
652000 0.003898
653000 0.003092
654000 0.003116
655000 0.003055
656000 0.003102
657000 0.003033
658000 0.003116
659000 0.003087
660000 0.003059
661000 0.00312
662000 0.003117
663000 0.00317
664000 0.003111
665000 0.003149
666000 0.003042
667000 0.003138
668000 0.003121
669000 0.003127
670000 0.003088
671000 0.003096
672000 0.003217
673000 0.003171
674000 0.003156
675000 0.003172
676000 0.003155
677000 0.003213
678000 0.003196
679000 0.003136
680000 0.003105
681000 0.003144
682000 0.003268
683000 0.003286
684000 0.003142
685000 0.003131
686000 0.003193
687000 0.003293
688000 0.003188
689000 0.003236
690000 0.003141
691000 0.003273
692000 0.003306
693000 0.003274
694000 0.003285
695000 0.003254
696000 0.003253
697000 0.003267
698000 0.003265
699000 0.003287
700000 0.003275
701000 0.003301
702000 0.00333
703000 0.00325
704000 0.003377
705000 0.003323
706000 0.003379
707000 0.003239
708000 0.003287
709000 0.003318
710000 0.003332
711000 0.003284
712000 0.00343
713000 0.003364
714000 0.003384
715000 0.003396
716000 0.003443
717000 0.003323
718000 0.003383
719000 0.003303
720000 0.003388
721000 0.003364
722000 0.003472
723000 0.003601
724000 0.00343
725000 0.003448
726000 0.003397
727000 0.003406
728000 0.003427
729000 0.003389
730000 0.003446
731000 0.003391
732000 0.003399
733000 0.003413
734000 0.00343
735000 0.00345
736000 0.003415
737000 0.00345
738000 0.003574
739000 0.003475
740000 0.003459
741000 0.00357
742000 0.003445
743000 0.00346
744000 0.003501
745000 0.003518
746000 0.003549
747000 0.003542
748000 0.003486
749000 0.003437
750000 0.003537
751000 0.003484
752000 0.003564
753000 0.003566
754000 0.003554
755000 0.00346
756000 0.003498
757000 0.003527
758000 0.003542
759000 0.003466
760000 0.003513
761000 0.003592
762000 0.003577
763000 0.0036
764000 0.003599
765000 0.003633
766000 0.003515
767000 0.003572
768000 0.003535
769000 0.004277
770000 0.003665
771000 0.003654
772000 0.003621
773000 0.00368
774000 0.00358
775000 0.003622
776000 0.003669
777000 0.003672
778000 0.003608
779000 0.003679
780000 0.003631
781000 0.003666
782000 0.00364
783000 0.00368
784000 0.003681
785000 0.003651
786000 0.003708
787000 0.003745
788000 0.003726
789000 0.003649
790000 0.003667
791000 0.0037
792000 0.003645
793000 0.003795
794000 0.003758
795000 0.003752
796000 0.003785
797000 0.003732
798000 0.003709
799000 0.003742
800000 0.003828
801000 0.003735
802000 0.003801
803000 0.003738
804000 0.00372
805000 0.003771
806000 0.003737
807000 0.003861
808000 0.003777
809000 0.003773
810000 0.003811
811000 0.003798
812000 0.003822
813000 0.003691
814000 0.003902
815000 0.003766
816000 0.003817
817000 0.003806
818000 0.00376
819000 0.003768
820000 0.003827
821000 0.003857
822000 0.00381
823000 0.003824
824000 0.003868
825000 0.00389
826000 0.003878
827000 0.003988
828000 0.00388
829000 0.003883
830000 0.003909
831000 0.003905
832000 0.003907
833000 0.003922
834000 0.00388
835000 0.003858
836000 0.003868
837000 0.003886
838000 0.003913
839000 0.003973
840000 0.003925
841000 0.003952
842000 0.003951
843000 0.003984
844000 0.003951
845000 0.003983
846000 0.003946
847000 0.003959
848000 0.004094
849000 0.003968
850000 0.004005
851000 0.003992
852000 0.003957
853000 0.003981
854000 0.005567
855000 0.005677
856000 0.004891
857000 0.003989
858000 0.004039
859000 0.004071
860000 0.003962
861000 0.003954
862000 0.004001
863000 0.004015
864000 0.004059
865000 0.004143
866000 0.004127
867000 0.004122
868000 0.004069
869000 0.004102
870000 0.004116
871000 0.0041
872000 0.004019
873000 0.004132
874000 0.004048
875000 0.004031
876000 0.004116
877000 0.004095
878000 0.004071
879000 0.004154
880000 0.004124
881000 0.004214
882000 0.004106
883000 0.00415
884000 0.004211
885000 0.004142
886000 0.004184
887000 0.004181
888000 0.004234
889000 0.004147
890000 0.004177
891000 0.004223
892000 0.004187
893000 0.004118
894000 0.004136
895000 0.00416
896000 0.0043
897000 0.004294
898000 0.00415
899000 0.004243
900000 0.004171
901000 0.004261
902000 0.004205
903000 0.004251
904000 0.004245
905000 0.00423
906000 0.004227
907000 0.004227
908000 0.004242
909000 0.004279
910000 0.004307
911000 0.004225
912000 0.004335
913000 0.004262
914000 0.004271
915000 0.004313
916000 0.004242
917000 0.004331
918000 0.004294
919000 0.004285
920000 0.00435
921000 0.004385
922000 0.004316
923000 0.004287
924000 0.00434
925000 0.00432
926000 0.004344
927000 0.004394
928000 0.004359
929000 0.0044
930000 0.004369
931000 0.004332
932000 0.004386
933000 0.004356
934000 0.004297
935000 0.004372
936000 0.004376
937000 0.004368
938000 0.004344
939000 0.004419
940000 0.004369
941000 0.004341
942000 0.004395
943000 0.004441
944000 0.004353
945000 0.004509
946000 0.004511
947000 0.004397
948000 0.004386
949000 0.004389
950000 0.004403
951000 0.004491
952000 0.004421
953000 0.004388
954000 0.004454
955000 0.004464
956000 0.004539
957000 0.004561
958000 0.004422
959000 0.004372
960000 0.004499
961000 0.004536
962000 0.004499
963000 0.004491
964000 0.004589
965000 0.00447
966000 0.004455
967000 0.004483
968000 0.004766
969000 0.006447
970000 0.006377
971000 0.006688
972000 0.006426
973000 0.004517
974000 0.00456
975000 0.00455
976000 0.00452
977000 0.004546
978000 0.004658
979000 0.004611
980000 0.004512
981000 0.004529
982000 0.004619
983000 0.004565
984000 0.00458
985000 0.004676
986000 0.004564
987000 0.004631
988000 0.00467
989000 0.004547
990000 0.004598
991000 0.004709
992000 0.004598
993000 0.004593
994000 0.004619
995000 0.004619
996000 0.004572
997000 0.00463
998000 0.00467
999000 0.004754
