1000 1e-05
2000 1.5e-05
3000 2.2e-05
4000 3e-05
5000 3.7e-05
6000 4.4e-05
7000 5.1e-05
8000 5.9e-05
9000 9.9e-05
10000 7.5e-05
11000 8.3e-05
12000 9.2e-05
13000 0.000101
14000 0.000104
15000 0.000112
16000 0.000117
17000 0.000123
18000 0.000162
19000 0.000138
20000 0.000145
21000 0.000163
22000 0.00016
23000 0.000167
24000 0.000229
25000 0.000181
26000 0.000188
27000 0.000196
28000 0.000226
29000 0.000129
30000 0.000133
31000 0.000137
32000 0.000141
33000 0.000145
34000 0.000151
35000 0.000163
36000 0.000159
37000 0.000164
38000 0.000168
39000 0.000172
40000 0.000176
41000 0.000312
42000 0.000268
43000 0.000192
44000 0.000194
45000 0.000227
46000 0.000203
47000 0.000208
48000 0.000212
49000 0.000284
50000 0.00022
51000 0.000225
52000 0.00023
53000 0.000246
54000 0.000238
55000 0.000242
56000 0.00025
57000 0.000264
58000 0.000315
59000 0.00026
60000 0.000322
61000 0.000269
62000 0.000274
63000 0.000278
64000 0.000372
65000 0.000287
66000 0.000292
67000 0.000362
68000 0.000349
69000 0.000304
70000 0.000317
71000 0.000322
72000 0.000318
73000 0.000359
74000 0.000326
75000 0.00034
76000 0.000335
77000 0.000339
78000 0.000352
79000 0.000349
80000 0.000353
81000 0.000382
82000 0.000366
83000 0.00037
84000 0.000427
85000 0.000375
86000 0.000472
87000 0.000457
88000 0.000397
89000 0.000392
90000 0.000446
91000 0.000401
92000 0.000416
93000 0.00041
94000 0.000416
95000 0.000492
96000 0.000423
97000 0.000436
98000 0.000431
99000 0.000465
100000 0.000448
101000 0.000488
102000 0.000565
103000 0.000467
104000 0.00046
105000 0.000636
106000 0.000482
107000 0.000545
108000 0.000542
109000 0.000495
110000 0.00057
111000 0.000646
112000 0.000551
113000 0.000542
114000 0.00061
115000 0.000692
116000 0.000511
117000 0.000529
118000 0.000641
119000 0.000534
120000 0.000557
121000 0.000547
122000 0.000641
123000 0.000621
124000 0.000548
125000 0.000622
126000 0.000558
127000 0.000582
128000 0.000584
129000 0.000573
130000 0.000661
131000 0.000649
132000 0.000582
133000 0.000598
134000 0.00062
135000 0.000606
136000 0.000654
137000 0.000693
138000 0.000611
139000 0.000712
140000 0.00064
141000 0.000623
142000 0.000698
143000 0.000647
144000 0.000635
145000 0.000647
146000 0.000677
147000 0.000669
148000 0.000716
149000 0.000733
150000 0.00066
151000 0.000665
152000 0.000677
153000 0.000744
154000 0.00068
155000 0.000794
156000 0.000697
157000 0.000758
158000 0.000739
159000 0.000794
160000 0.000728
161000 0.000767
162000 0.000982
163000 0.000783
164000 0.000723
165000 0.000736
166000 0.000791
167000 0.000813
168000 0.000824
169000 0.000787
170000 0.000783
171000 0.0008
172000 0.000803
173000 0.000802
174000 0.000794
175000 0.00079
176000 0.000803
177000 0.000828
178000 0.000804
179000 0.000888
180000 0.000821
181000 0.000826
182000 0.000829
183000 0.000878
184000 0.000861
185000 0.000843
186000 0.00084
187000 0.000868
188000 0.000906
189000 0.000861
190000 0.000866
191000 0.00087
192000 0.000955
193000 0.000882
194000 0.000884
195000 0.00092
196000 0.000908
197000 0.000927
198000 0.000906
199000 0.000937
200000 0.000921
201000 0.000933
202000 0.000953
203000 0.000936
204000 0.00094
205000 0.000959
206000 0.000977
207000 0.000952
208000 0.000975
209000 0.001042
210000 0.001002
211000 0.000962
212000 0.000987
213000 0.001032
214000 0.001024
215000 0.000979
216000 0.001024
217000 0.000996
218000 0.001012
219000 0.000997
220000 0.001027
221000 0.001007
222000 0.001056
223000 0.001016
224000 0.00107
225000 0.001042
226000 0.001031
227000 0.001037
228000 0.001091
229000 0.001114
230000 0.001046
231000 0.001052
232000 0.001094
233000 0.001116
234000 0.001072
235000 0.001122
236000 0.001109
237000 0.001088
238000 0.001099
239000 0.001114
240000 0.001092
241000 0.001097
242000 0.001111
243000 0.001155
244000 0.00113
245000 0.001114
246000 0.001183
247000 0.001153
248000 0.001129
249000 0.001157
250000 0.001281
251000 0.001141
252000 0.001145
253000 0.001169
254000 0.00122
255000 0.001186
256000 0.001223
257000 0.001237
258000 0.00118
259000 0.001207
260000 0.001199
261000 0.001199
262000 0.001233
263000 0.001216
264000 0.001226
265000 0.001228
266000 0.00129
267000 0.001224
268000 0.001414
269000 0.001348
270000 0.001201
271000 0.001202
272000 0.001407
273000 0.001616
274000 0.001228
275000 0.001282
276000 0.001223
277000 0.001234
278000 0.001232
279000 0.001314
280000 0.001247
281000 0.001337
282000 0.00125
283000 0.001269
284000 0.001345
285000 0.001307
286000 0.001282
287000 0.001318
288000 0.001417
289000 0.001642
290000 0.001374
291000 0.001299
292000 0.001384
293000 0.001397
294000 0.001395
295000 0.001307
296000 0.001401
297000 0.001435
298000 0.001331
299000 0.001388
300000 0.001343
301000 0.001372
302000 0.00141
303000 0.001426
304000 0.001443
305000 0.001385
306000 0.001401
307000 0.001444
308000 0.001391
309000 0.001395
310000 0.00147
311000 0.00146
312000 0.001435
313000 0.001476
314000 0.001445
315000 0.0015
316000 0.001438
317000 0.001411
318000 0.001465
319000 0.001521
320000 0.001467
321000 0.001473
322000 0.001474
323000 0.001591
324000 0.001448
325000 0.00145
326000 0.001484
327000 0.001534
328000 0.001459
329000 0.001542
330000 0.001469
331000 0.001467
332000 0.001545
333000 0.001565
334000 0.001593
335000 0.001542
336000 0.001493
337000 0.00157
338000 0.001568
339000 0.001546
340000 0.001645
341000 0.001569
342000 0.001649
343000 0.001525
344000 0.001553
345000 0.001573
346000 0.001535
347000 0.001671
348000 0.001572
349000 0.001586
350000 0.001636
351000 0.001553
352000 0.001647
353000 0.001569
354000 0.001991
355000 0.001619
356000 0.001618
357000 0.001604
358000 0.00164
359000 0.001783
360000 0.001619
361000 0.001845
362000 0.001898
363000 0.001719
364000 0.001631
365000 0.001661
366000 0.001791
367000 0.001677
368000 0.001688
369000 0.001633
370000 0.001646
371000 0.00171
372000 0.001646
373000 0.001731
374000 0.001851
375000 0.001993
376000 0.001684
377000 0.00174
378000 0.001758
379000 0.001687
380000 0.001732
381000 0.00175
382000 0.001769
383000 0.001708
384000 0.001834
385000 0.001755
386000 0.001756
387000 0.001734
388000 0.001766
389000 0.001798
390000 0.00183
391000 0.001828
392000 0.001741
393000 0.001849
394000 0.001875
395000 0.001823
396000 0.001868
397000 0.001997
398000 0.001937
399000 0.001797
400000 0.001936
401000 0.001883
402000 0.001859
403000 0.001794
404000 0.001859
405000 0.001804
406000 0.001809
407000 0.0019
408000 0.001827
409000 0.001855
410000 0.001875
411000 0.002211
412000 0.001845
413000 0.002003
414000 0.001923
415000 0.00213
416000 0.001974
417000 0.001852
418000 0.001956
419000 0.001862
420000 0.001967
421000 0.001927
422000 0.001942
423000 0.001885
424000 0.001959
425000 0.001902
426000 0.001949
427000 0.001979
428000 0.001964
429000 0.002021
430000 0.00196
431000 0.002016
432000 0.001939
433000 0.002041
434000 0.001948
435000 0.002073
436000 0.001989
437000 0.001983
438000 0.00196
439000 0.001961
440000 0.002078
441000 0.001994
442000 0.001991
443000 0.002027
444000 0.002058
445000 0.002138
446000 0.001986
447000 0.002073
448000 0.002007
449000 0.00204
450000 0.002234
451000 0.002076
452000 0.002069
453000 0.002053
454000 0.002098
455000 0.00209
456000 0.002155
457000 0.002027
458000 0.002154
459000 0.002106
460000 0.002749
461000 0.002113
462000 0.002119
463000 0.002129
464000 0.002112
465000 0.002159
466000 0.002074
467000 0.002152
468000 0.002076
469000 0.002204
470000 0.002145
471000 0.00215
472000 0.002167
473000 0.002104
474000 0.002165
475000 0.002116
476000 0.002495
477000 0.002203
478000 0.002221
479000 0.002186
480000 0.00225
481000 0.002146
482000 0.002177
483000 0.002223
484000 0.002215
485000 0.002232
486000 0.002154
487000 0.00239
488000 0.002167
489000 0.002347
490000 0.002467
491000 0.002375
492000 0.002326
493000 0.002186
494000 0.002435
495000 0.002228
496000 0.002311
497000 0.00234
498000 0.002289
499000 0.002325
500000 0.002318
501000 0.002262
502000 0.002337
503000 0.002357
504000 0.002458
505000 0.002419
506000 0.002423
507000 0.002408
508000 0.002369
509000 0.002509
510000 0.002324
511000 0.002353
512000 0.002366
513000 0.002444
514000 0.002344
515000 0.002297
516000 0.002426
517000 0.002311
518000 0.002344
519000 0.0024
520000 0.002468
521000 0.002566
522000 0.002396
523000 0.002531
524000 0.002414
525000 0.002391
526000 0.00237
527000 0.002397
528000 0.002339
529000 0.002475
530000 0.002363
531000 0.002426
532000 0.002732
533000 0.002447
534000 0.002516
535000 0.002526
536000 0.00252
537000 0.00252
538000 0.002469
539000 0.002525
540000 0.002529
541000 0.002532
542000 0.002575
543000 0.002524
544000 0.002516
545000 0.002523
546000 0.002557
547000 0.002492
548000 0.002547
549000 0.002513
550000 0.002558
551000 0.002548
552000 0.002564
553000 0.00256
554000 0.002592
555000 0.002584
556000 0.002575
557000 0.002623
558000 0.002562
559000 0.002613
560000 0.002665
561000 0.002592
562000 0.002615
563000 0.002635
564000 0.002649
565000 0.002591
566000 0.002645
567000 0.002623
568000 0.002689
569000 0.002658
570000 0.002608
571000 0.002693
572000 0.002674
573000 0.002607
574000 0.002725
575000 0.002754
576000 0.002589
577000 0.002715
578000 0.002725
579000 0.0028
580000 0.002794
581000 0.00269
582000 0.002733
583000 0.00301
584000 0.00275
585000 0.002641
586000 0.002742
587000 0.002736
588000 0.002657
589000 0.002702
590000 0.00284
591000 0.002704
592000 0.002655
593000 0.002881
594000 0.002743
595000 0.002754
596000 0.002775
597000 0.002834
598000 0.002782
599000 0.002695
600000 0.002894
601000 0.002731
602000 0.002732
603000 0.002787
604000 0.00282
605000 0.002751
606000 0.002744
607000 0.002936
608000 0.002736
609000 0.002794
610000 0.002864
611000 0.002844
612000 0.002933
613000 0.002915
614000 0.002813
615000 0.002919
616000 0.002778
617000 0.002829
618000 0.002774
619000 0.003092
620000 0.003068
621000 0.002892
622000 0.002849
623000 0.002764
624000 0.002965
625000 0.00288
626000 0.002812
627000 0.00288
628000 0.00291
629000 0.002847
630000 0.002868
631000 0.002914
632000 0.003064
633000 0.002892
634000 0.00288
635000 0.002965
636000 0.002931
637000 0.002874
638000 0.002958
639000 0.002956
640000 0.00297
641000 0.003255
642000 0.002988
643000 0.003023
644000 0.002976
645000 0.002945
646000 0.003011
647000 0.003007
648000 0.003014
649000 0.002946
650000 0.002953
651000 0.00306
652000 0.003371
653000 0.003099
654000 0.003081
655000 0.003126
656000 0.003071
657000 0.003029
658000 0.003001
659000 0.003109
660000 0.003063
661000 0.003
662000 0.002999
663000 0.003216
664000 0.003124
665000 0.003091
666000 0.003017
667000 0.003115
668000 0.003182
669000 0.002976
670000 0.003064
671000 0.00303
672000 0.003087
673000 0.003093
674000 0.003246
675000 0.003096
676000 0.00314
677000 0.003314
678000 0.003156
679000 0.003095
680000 0.003141
681000 0.003066
682000 0.003075
683000 0.003139
684000 0.003456
685000 0.003148
686000 0.003088
687000 0.003358
688000 0.003236
689000 0.003143
690000 0.003238
691000 0.003063
692000 0.00322
693000 0.003132
694000 0.003257
695000 0.003258
696000 0.003131
697000 0.003309
698000 0.003355
699000 0.003191
700000 0.0033
701000 0.003135
702000 0.003185
703000 0.003258
704000 0.003199
705000 0.003225
706000 0.003212
707000 0.003253
708000 0.003273
709000 0.003305
710000 0.003299
711000 0.003376
712000 0.003124
713000 0.003341
714000 0.003283
715000 0.003705
716000 0.00352
717000 0.003445
718000 0.003206
719000 0.003463
720000 0.003251
721000 0.003455
722000 0.003376
723000 0.003285
724000 0.003352
725000 0.003497
726000 0.003294
727000 0.003381
728000 0.003359
729000 0.003374
730000 0.003326
731000 0.003355
732000 0.00336
733000 0.003328
734000 0.003359
735000 0.003484
736000 0.003533
737000 0.003369
738000 0.00359
739000 0.003287
740000 0.003341
741000 0.003519
742000 0.003452
743000 0.003453
744000 0.003614
745000 0.003483
746000 0.003472
747000 0.00351
748000 0.003716
749000 0.00357
750000 0.003451
751000 0.003424
752000 0.003424
753000 0.003469
754000 0.003611
755000 0.00343
756000 0.003587
757000 0.003506
758000 0.003501
759000 0.003563
760000 0.003476
761000 0.003515
762000 0.003523
763000 0.003663
764000 0.003552
765000 0.003561
766000 0.003538
767000 0.003551
768000 0.003626
769000 0.003575
770000 0.003584
771000 0.00355
772000 0.003549
773000 0.003652
774000 0.003584
775000 0.003639
776000 0.003558
777000 0.003659
778000 0.003649
779000 0.003678
780000 0.003666
781000 0.00365
782000 0.003698
783000 0.003725
784000 0.003638
785000 0.003658
786000 0.003761
787000 0.003714
788000 0.003735
789000 0.003698
790000 0.003632
791000 0.003712
792000 0.003964
793000 0.003678
794000 0.003829
795000 0.003761
796000 0.003684
797000 0.003731
798000 0.003606
799000 0.00376
800000 0.003814
801000 0.003782
802000 0.003616
803000 0.003854
804000 0.003769
805000 0.003973
806000 0.003887
807000 0.003727
808000 0.003908
809000 0.003718
810000 0.003733
811000 0.003829
812000 0.003902
813000 0.003691
814000 0.003897
815000 0.003927
816000 0.00365
817000 0.004436
818000 0.004114
819000 0.004099
820000 0.004046
821000 0.003903
822000 0.003979
823000 0.00404
824000 0.004044
825000 0.003949
826000 0.004227
827000 0.003999
828000 0.003849
829000 0.003952
830000 0.003905
831000 0.003981
832000 0.00388
833000 0.003954
834000 0.003961
835000 0.004065
836000 0.003898
837000 0.003887
838000 0.003924
839000 0.003974
840000 0.003986
841000 0.003909
842000 0.003962
843000 0.003948
844000 0.00398
845000 0.003936
846000 0.00392
847000 0.003879
848000 0.003971
849000 0.004032
850000 0.004145
851000 0.004029
852000 0.003961
853000 0.004039
854000 0.004017
855000 0.003988
856000 0.004072
857000 0.003986
858000 0.003986
859000 0.004276
860000 0.003989
861000 0.003985
862000 0.003982
863000 0.004043
864000 0.004116
865000 0.004002
866000 0.004081
867000 0.004044
868000 0.004106
869000 0.004056
870000 0.004136
871000 0.004071
872000 0.004092
873000 0.004135
874000 0.004071
875000 0.004142
876000 0.004023
877000 0.004087
878000 0.004235
879000 0.004065
880000 0.00407
881000 0.004069
882000 0.004135
883000 0.004126
884000 0.004129
885000 0.00423
886000 0.004177
887000 0.00413
888000 0.004127
889000 0.004168
890000 0.004134
891000 0.004155
892000 0.004205
893000 0.004255
894000 0.004156
895000 0.004261
896000 0.004172
897000 0.004219
898000 0.004181
899000 0.004424
900000 0.004375
901000 0.004195
902000 0.004205
903000 0.004292
904000 0.004284
905000 0.004292
906000 0.004242
907000 0.004311
908000 0.004375
909000 0.004198
910000 0.004299
911000 0.004306
912000 0.004263
913000 0.004595
914000 0.004204
915000 0.004377
916000 0.004338
917000 0.004339
918000 0.004287
919000 0.00435
920000 0.004287
921000 0.004399
922000 0.004233
923000 0.00439
924000 0.004347
925000 0.00439
926000 0.004324
927000 0.00437
928000 0.004394
929000 0.004308
930000 0.004364
931000 0.004441
932000 0.004399
933000 0.004255
934000 0.004348
935000 0.004264
936000 0.00434
937000 0.004328
938000 0.004281
939000 0.004393
940000 0.004395
941000 0.004362
942000 0.00436
943000 0.004431
944000 0.004364
945000 0.004445
946000 0.004484
947000 0.004353
948000 0.004406
949000 0.004397
950000 0.004431
951000 0.004516
952000 0.004382
953000 0.004469
954000 0.004468
955000 0.004454
956000 0.004468
957000 0.004414
958000 0.004464
959000 0.004452
960000 0.004487
961000 0.004668
962000 0.004539
963000 0.004504
964000 0.0044
965000 0.004534
966000 0.004429
967000 0.004873
968000 0.004651
969000 0.004508
970000 0.004506
971000 0.004649
972000 0.004332
973000 0.004635
974000 0.004467
975000 0.004839
976000 0.004521
977000 0.004494
978000 0.004394
979000 0.004574
980000 0.00454
981000 0.004522
982000 0.005151
983000 0.004588
984000 0.004528
985000 0.004676
986000 0.004571
987000 0.004606
988000 0.004585
989000 0.004758
990000 0.004625
991000 0.00472
992000 0.005001
993000 0.00458
994000 0.004644
995000 0.004657
996000 0.004629
997000 0.004736
998000 0.004644
999000 0.005052
