1000 1e-05
2000 1.6e-05
3000 2.4e-05
4000 3e-05
5000 3.7e-05
6000 4.4e-05
7000 5.2e-05
8000 0.000114
9000 6.6e-05
10000 9.9e-05
11000 8e-05
12000 8.7e-05
13000 9.4e-05
14000 0.000102
15000 0.000109
16000 0.000117
17000 0.000123
18000 0.000131
19000 0.000168
20000 0.000146
21000 0.000201
22000 0.00016
23000 0.000167
24000 0.000202
25000 0.000181
26000 0.000188
27000 0.000252
28000 0.000203
29000 0.000267
30000 0.000218
31000 0.000225
32000 0.000232
33000 0.000255
34000 0.000246
35000 0.000427
36000 0.000275
37000 0.000269
38000 0.000318
39000 0.000341
40000 0.000298
41000 0.000298
42000 0.000319
43000 0.000311
44000 0.000326
45000 0.000346
46000 0.000334
47000 0.000355
48000 0.000422
49000 0.000358
50000 0.000474
51000 0.000369
52000 0.000392
53000 0.000389
54000 0.000577
55000 0.000495
56000 0.000369
57000 0.000355
58000 0.000402
59000 0.000435
60000 0.000374
61000 0.000394
62000 0.000387
63000 0.000393
64000 0.000447
65000 0.000406
66000 0.000496
67000 0.000427
68000 0.000415
69000 0.000379
70000 0.000428
71000 0.000394
72000 0.0004
73000 0.000469
74000 0.000405
75000 0.000423
76000 0.000416
77000 0.000472
78000 0.000431
79000 0.000476
80000 0.000391
81000 0.000429
82000 0.000452
83000 0.000438
84000 0.00042
85000 0.000416
86000 0.000454
87000 0.000425
88000 0.000461
89000 0.000417
90000 0.000451
91000 0.000401
92000 0.000406
93000 0.00042
94000 0.000462
95000 0.00052
96000 0.000426
97000 0.000594
98000 0.000675
99000 0.000988
100000 0.000585
101000 0.0006
102000 0.000472
103000 0.000494
104000 0.000533
105000 0.000487
106000 0.000525
107000 0.000499
108000 0.000642
109000 0.000535
110000 0.000621
111000 0.000503
112000 0.000496
113000 0.000611
114000 0.000506
115000 0.000741
116000 0.000702
117000 0.000534
118000 0.000617
119000 0.000537
120000 0.000528
121000 0.000664
122000 0.000542
123000 0.000687
124000 0.000567
125000 0.00055
126000 0.000579
127000 0.000559
128000 0.000608
129000 0.000705
130000 0.000573
131000 0.000586
132000 0.000727
133000 0.000623
134000 0.000733
135000 0.000608
136000 0.000601
137000 0.0007
138000 0.000619
139000 0.000641
140000 0.000678
141000 0.00063
142000 0.000873
143000 0.000668
144000 0.000646
145000 0.000647
146000 0.000806
147000 0.000691
148000 0.000688
149000 0.000731
150000 0.00068
151000 0.000679
152000 0.000767
153000 0.00088
154000 0.000702
155000 0.000698
156000 0.000722
157000 0.000752
158000 0.000704
159000 0.000754
160000 0.000717
161000 0.000724
162000 0.000753
163000 0.000786
164000 0.000779
165000 0.000761
166000 0.000761
167000 0.000802
168000 0.000767
169000 0.000812
170000 0.000783
171000 0.000782
172000 0.000824
173000 0.000817
174000 0.000773
175000 0.00079
176000 0.000803
177000 0.000846
178000 0.000816
179000 0.00086
180000 0.000821
181000 0.000817
182000 0.000873
183000 0.000849
184000 0.000864
185000 0.000856
186000 0.000848
187000 0.00092
188000 0.000858
189000 0.000861
190000 0.000858
191000 0.000897
192000 0.000924
193000 0.000909
194000 0.000892
195000 0.000904
196000 0.000973
197000 0.000955
198000 0.000903
199000 0.000908
200000 0.000942
201000 0.000916
202000 0.000967
203000 0.000926
204000 0.000996
205000 0.000935
206000 0.00098
207000 0.000956
208000 0.001038
209000 0.000966
210000 0.001001
211000 0.000981
212000 0.000966
213000 0.001
214000 0.000976
215000 0.00099
216000 0.000995
217000 0.001067
218000 0.000997
219000 0.000998
220000 0.001021
221000 0.001015
222000 0.00101
223000 0.00105
224000 0.001066
225000 0.001025
226000 0.00104
227000 0.001038
228000 0.001086
229000 0.001048
230000 0.001067
231000 0.0011
232000 0.001132
233000 0.001088
234000 0.001068
235000 0.001095
236000 0.001079
237000 0.001189
238000 0.001099
239000 0.001142
240000 0.001145
241000 0.001111
242000 0.001129
243000 0.001125
244000 0.001123
245000 0.001147
246000 0.001187
247000 0.001124
248000 0.001135
249000 0.001218
250000 0.001168
251000 0.001151
252000 0.001161
253000 0.001229
254000 0.001166
255000 0.001191
256000 0.001198
257000 0.001187
258000 0.001187
259000 0.001211
260000 0.00126
261000 0.001239
262000 0.001213
263000 0.00126
264000 0.001173
265000 0.00124
266000 0.00122
267000 0.00127
268000 0.001191
269000 0.001282
270000 0.001337
271000 0.001275
272000 0.001273
273000 0.001294
274000 0.001342
275000 0.001221
276000 0.001325
277000 0.001237
278000 0.001332
279000 0.001282
280000 0.001298
281000 0.001298
282000 0.001463
283000 0.0014
284000 0.001333
285000 0.001264
286000 0.001331
287000 0.001412
288000 0.001279
289000 0.00205
290000 0.001285
291000 0.001374
292000 0.00132
293000 0.001362
294000 0.001305
295000 0.001385
296000 0.001359
297000 0.001342
298000 0.001363
299000 0.001375
300000 0.001328
301000 0.001396
302000 0.001391
303000 0.001409
304000 0.001411
305000 0.001416
306000 0.001645
307000 0.001433
308000 0.001428
309000 0.001403
310000 0.001457
311000 0.001548
312000 0.001481
313000 0.001539
314000 0.001437
315000 0.001444
316000 0.001447
317000 0.001459
318000 0.00146
319000 0.001437
320000 0.001472
321000 0.001475
322000 0.001426
323000 0.001568
324000 0.001512
325000 0.001464
326000 0.001532
327000 0.001543
328000 0.00163
329000 0.001465
330000 0.001625
331000 0.001601
332000 0.001504
333000 0.00149
334000 0.001532
335000 0.001488
336000 0.001564
337000 0.001539
338000 0.00157
339000 0.001593
340000 0.001505
341000 0.001548
342000 0.001579
343000 0.001684
344000 0.00161
345000 0.001666
346000 0.001618
347000 0.001549
348000 0.001542
349000 0.001707
350000 0.001574
351000 0.001632
352000 0.001628
353000 0.001648
354000 0.001584
355000 0.001679
356000 0.001684
357000 0.001672
358000 0.001618
359000 0.001613
360000 0.00167
361000 0.001634
362000 0.001634
363000 0.001752
364000 0.001659
365000 0.001641
366000 0.001692
367000 0.001634
368000 0.001752
369000 0.001682
370000 0.001707
371000 0.001672
372000 0.001813
373000 0.00177
374000 0.001675
375000 0.001705
376000 0.001911
377000 0.001783
378000 0.001707
379000 0.001755
380000 0.001741
381000 0.001689
382000 0.001788
383000 0.001754
384000 0.001747
385000 0.001771
386000 0.001921
387000 0.001733
388000 0.002086
389000 0.001826
390000 0.001876
391000 0.001814
392000 0.001899
393000 0.001741
394000 0.001791
395000 0.001955
396000 0.001818
397000 0.001827
398000 0.001775
399000 0.001817
400000 0.001776
401000 0.001824
402000 0.001893
403000 0.001894
404000 0.001868
405000 0.001805
406000 0.001954
407000 0.00195
408000 0.001901
409000 0.001822
410000 0.001921
411000 0.001886
412000 0.001903
413000 0.001846
414000 0.001868
415000 0.001845
416000 0.001895
417000 0.001887
418000 0.001981
419000 0.001875
420000 0.001934
421000 0.00187
422000 0.001965
423000 0.002225
424000 0.001987
425000 0.001926
426000 0.001964
427000 0.001915
428000 0.002023
429000 0.002013
430000 0.001984
431000 0.002063
432000 0.002095
433000 0.001938
434000 0.002002
435000 0.00193
436000 0.001984
437000 0.001998
438000 0.00202
439000 0.001989
440000 0.002048
441000 0.002108
442000 0.002038
443000 0.002178
444000 0.002135
445000 0.001989
446000 0.002059
447000 0.001987
448000 0.002133
449000 0.002042
450000 0.002081
451000 0.002116
452000 0.002058
453000 0.002011
454000 0.002041
455000 0.002232
456000 0.002084
457000 0.002148
458000 0.002251
459000 0.002182
460000 0.002062
461000 0.002225
462000 0.002088
463000 0.002122
464000 0.002073
465000 0.002113
466000 0.002095
467000 0.002195
468000 0.002181
469000 0.00211
470000 0.002199
471000 0.002371
472000 0.002146
473000 0.002117
474000 0.00222
475000 0.002223
476000 0.002225
477000 0.002234
478000 0.002143
479000 0.002175
480000 0.002185
481000 0.002167
482000 0.002137
483000 0.00218
484000 0.0022
485000 0.00229
486000 0.002307
487000 0.00238
488000 0.002223
489000 0.002343
490000 0.0023
491000 0.002256
492000 0.002271
493000 0.002195
494000 0.002398
495000 0.0023
496000 0.002364
497000 0.002285
498000 0.002341
499000 0.002332
500000 0.002268
501000 0.002554
502000 0.002418
503000 0.002284
504000 0.002383
505000 0.002363
506000 0.002332
507000 0.002414
508000 0.002309
509000 0.002364
510000 0.002456
511000 0.002342
512000 0.002323
513000 0.002385
514000 0.002337
515000 0.002545
516000 0.002325
517000 0.002417
518000 0.002378
519000 0.002676
520000 0.002512
521000 0.002481
522000 0.002361
523000 0.002411
524000 0.002328
525000 0.002409
526000 0.002394
527000 0.002468
528000 0.00238
529000 0.002451
530000 0.002493
531000 0.002535
532000 0.00248
533000 0.002551
534000 0.002469
535000 0.00257
536000 0.002475
537000 0.002438
538000 0.002485
539000 0.002486
540000 0.002599
541000 0.002609
542000 0.002505
543000 0.002562
544000 0.002613
545000 0.002537
546000 0.002574
547000 0.002601
548000 0.002514
549000 0.002589
550000 0.002534
551000 0.00258
552000 0.002584
553000 0.002581
554000 0.002784
555000 0.002656
556000 0.002612
557000 0.002652
558000 0.0027
559000 0.002607
560000 0.002594
561000 0.002688
562000 0.00263
563000 0.002672
564000 0.002696
565000 0.002629
566000 0.002688
567000 0.002632
568000 0.002628
569000 0.002644
570000 0.002865
571000 0.002561
572000 0.002643
573000 0.002674
574000 0.002676
575000 0.002675
576000 0.002674
577000 0.002624
578000 0.002749
579000 0.002753
580000 0.00272
581000 0.002834
582000 0.002822
583000 0.003493
584000 0.002726
585000 0.002754
586000 0.002734
587000 0.002705
588000 0.002727
589000 0.002842
590000 0.002718
591000 0.00292
592000 0.002871
593000 0.002989
594000 0.002793
595000 0.002939
596000 0.002827
597000 0.002762
598000 0.002787
599000 0.00271
600000 0.002807
601000 0.002747
602000 0.002727
603000 0.002909
604000 0.002806
605000 0.003034
606000 0.002841
607000 0.002974
608000 0.002855
609000 0.0027
610000 0.002954
611000 0.002941
612000 0.002939
613000 0.002793
614000 0.003483
615000 0.002981
616000 0.002812
617000 0.002892
618000 0.003025
619000 0.0029
620000 0.002812
621000 0.002835
622000 0.00292
623000 0.002946
624000 0.002909
625000 0.003059
626000 0.002998
627000 0.002933
628000 0.003036
629000 0.003023
630000 0.002944
631000 0.002873
632000 0.002844
633000 0.002928
634000 0.002848
635000 0.002871
636000 0.003001
637000 0.002994
638000 0.003045
639000 0.002919
640000 0.002964
641000 0.003016
642000 0.002944
643000 0.003057
644000 0.002915
645000 0.003152
646000 0.002961
647000 0.002955
648000 0.003076
649000 0.00315
650000 0.003089
651000 0.003172
652000 0.003033
653000 0.00308
654000 0.00322
655000 0.002998
656000 0.003022
657000 0.003033
658000 0.00309
659000 0.003056
660000 0.003134
661000 0.003073
662000 0.003166
663000 0.003144
664000 0.003113
665000 0.00308
666000 0.003082
667000 0.003148
668000 0.003069
669000 0.003319
670000 0.00333
671000 0.003304
672000 0.003217
673000 0.003251
674000 0.003305
675000 0.003014
676000 0.003276
677000 0.003355
678000 0.003186
679000 0.003189
680000 0.003604
681000 0.003068
682000 0.003064
683000 0.003289
684000 0.003212
685000 0.003162
686000 0.003363
687000 0.003187
688000 0.003175
689000 0.003206
690000 0.003481
691000 0.003263
692000 0.003296
693000 0.003263
694000 0.003195
695000 0.003301
696000 0.003238
697000 0.003163
698000 0.003225
699000 0.0034
700000 0.003192
701000 0.003307
702000 0.003393
703000 0.003271
704000 0.003305
705000 0.003427
706000 0.003217
707000 0.003249
708000 0.003294
709000 0.003255
710000 0.00325
711000 0.003505
712000 0.004185
713000 0.003339
714000 0.003439
715000 0.003487
716000 0.003379
717000 0.003744
718000 0.003328
719000 0.003347
720000 0.00337
721000 0.003516
722000 0.003645
723000 0.003495
724000 0.003364
725000 0.003371
726000 0.00334
727000 0.003372
728000 0.003349
729000 0.003648
730000 0.003525
731000 0.003528
732000 0.003373
733000 0.003519
734000 0.003443
735000 0.00338
736000 0.003449
737000 0.003448
738000 0.003378
739000 0.003906
740000 0.003363
741000 0.003482
742000 0.003335
743000 0.003409
744000 0.003399
745000 0.003464
746000 0.003577
747000 0.003416
748000 0.003641
749000 0.003489
750000 0.003443
751000 0.003628
752000 0.00354
753000 0.003574
754000 0.00357
755000 0.003469
756000 0.003475
757000 0.003428
758000 0.003496
759000 0.003577
760000 0.003432
761000 0.003609
762000 0.003522
763000 0.003491
764000 0.003541
765000 0.003496
766000 0.003473
767000 0.003588
768000 0.003582
769000 0.003599
770000 0.004176
771000 0.003568
772000 0.003479
773000 0.003516
774000 0.003489
775000 0.003543
776000 0.003658
777000 0.003833
778000 0.003878
779000 0.003743
780000 0.003579
781000 0.003683
782000 0.003637
783000 0.003671
784000 0.003579
785000 0.003651
786000 0.003674
787000 0.003568
788000 0.00351
789000 0.003653
790000 0.003751
791000 0.003615
792000 0.003565
793000 0.003754
794000 0.003645
795000 0.003745
796000 0.003728
797000 0.003919
798000 0.003619
799000 0.003659
800000 0.0036
801000 0.003859
802000 0.003715
803000 0.003837
804000 0.003715
805000 0.003816
806000 0.003963
807000 0.00372
808000 0.003688
809000 0.003689
810000 0.003759
811000 0.003793
812000 0.003939
813000 0.003757
814000 0.00381
815000 0.003837
816000 0.003854
817000 0.003786
818000 0.003782
819000 0.003867
820000 0.003809
821000 0.003891
822000 0.003839
823000 0.003912
824000 0.003882
825000 0.003842
826000 0.003811
827000 0.003888
828000 0.003791
829000 0.003782
830000 0.003862
831000 0.003936
832000 0.003898
833000 0.003958
834000 0.003851
835000 0.003899
836000 0.003887
837000 0.003872
838000 0.003994
839000 0.00394
840000 0.00401
841000 0.003865
842000 0.003933
843000 0.003904
844000 0.003964
845000 0.003983
846000 0.003938
847000 0.003914
848000 0.003964
849000 0.003966
850000 0.003966
851000 0.003927
852000 0.003914
853000 0.004068
854000 0.004085
855000 0.004272
856000 0.003954
857000 0.003966
858000 0.004023
859000 0.003921
860000 0.003952
861000 0.003914
862000 0.003928
863000 0.004056
864000 0.004004
865000 0.004278
866000 0.004141
867000 0.00406
868000 0.004083
869000 0.004146
870000 0.004137
871000 0.004997
872000 0.013511
873000 0.004133
874000 0.004389
875000 0.00428
876000 0.004205
877000 0.004562
878000 0.00415
879000 0.004708
880000 0.004501
881000 0.004324
882000 0.004254
883000 0.004366
884000 0.004126
885000 0.004579
886000 0.004138
887000 0.004233
888000 0.004135
889000 0.004135
890000 0.004183
891000 0.004167
892000 0.004243
893000 0.004147
894000 0.004229
895000 0.004206
896000 0.004258
897000 0.004203
898000 0.004255
899000 0.004214
900000 0.004184
901000 0.004263
902000 0.004257
903000 0.004213
904000 0.004275
905000 0.004198
906000 0.004236
907000 0.004278
908000 0.004377
909000 0.00428
910000 0.004362
911000 0.004256
912000 0.004207
913000 0.004154
914000 0.004226
915000 0.004224
916000 0.004569
917000 0.004377
918000 0.004917
919000 0.00426
920000 0.004398
921000 0.004966
922000 0.004519
923000 0.004792
924000 0.00434
925000 0.005224
926000 0.004677
927000 0.004307
928000 0.004845
929000 0.004543
930000 0.004842
931000 0.004914
932000 0.00449
933000 0.004465
934000 0.004456
935000 0.004566
936000 0.004473
937000 0.004565
938000 0.004508
939000 0.004506
940000 0.004562
941000 0.004425
942000 0.004451
943000 0.004429
944000 0.004548
945000 0.004581
946000 0.004716
947000 0.004441
948000 0.004499
949000 0.004553
950000 0.004445
951000 0.004443
952000 0.004675
953000 0.004495
954000 0.004592
955000 0.004528
956000 0.004444
957000 0.004543
958000 0.004515
959000 0.004525
960000 0.004672
961000 0.004701
962000 0.00447
963000 0.00456
964000 0.004552
965000 0.0045
966000 0.0046
967000 0.004541
968000 0.004584
969000 0.004704
970000 0.00458
971000 0.004592
972000 0.004505
973000 0.004624
974000 0.004555
975000 0.004707
976000 0.004627
977000 0.004656
978000 0.004673
979000 0.004572
980000 0.004603
981000 0.004782
982000 0.004634
983000 0.004536
984000 0.004515
985000 0.004535
986000 0.004639
987000 0.004545
988000 0.004598
989000 0.004715
990000 0.004689
991000 0.004581
992000 0.004643
993000 0.004674
994000 0.004648
995000 0.004709
996000 0.004728
997000 0.004588
998000 0.004903
999000 0.005667
