1000 0.000281
2000 0.000656
3000 0.000742
4000 0.000892
5000 0.001797
6000 0.001663
7000 0.001773
8000 0.002227
9000 0.002855
10000 0.003951
11000 0.003421
12000 0.003057
13000 0.003885
14000 0.004318
15000 0.005632
16000 0.005643
17000 0.007631
18000 0.007951
19000 0.008581
20000 0.011263
21000 0.009964
22000 0.010174
23000 0.010407
24000 0.010792
25000 0.010938
26000 0.011965
27000 0.013526
28000 0.01164
29000 0.012051
30000 0.012129
31000 0.011533
32000 0.009339
33000 0.010961
34000 0.010515
35000 0.01866
36000 0.016719
37000 0.016015
38000 0.016134
39000 0.01643
40000 0.018049
41000 0.01835
42000 0.019228
43000 0.018303
44000 0.018041
45000 0.015307
46000 0.01552
47000 0.01586
48000 0.019296
49000 0.018219
50000 0.017997
51000 0.019724
52000 0.018555
53000 0.019815
54000 0.021331
55000 0.022724
56000 0.022144
57000 0.02136
58000 0.019328
59000 0.020155
60000 0.025953
61000 0.023648
62000 0.021249
63000 0.028817
64000 0.030057
65000 0.02575
66000 0.018357
67000 0.024181
68000 0.029364
69000 0.030148
70000 0.027459
71000 0.021889
72000 0.026551
73000 0.026307
74000 0.029553
75000 0.022394
76000 0.023817
77000 0.025712
78000 0.029722
79000 0.030159
80000 0.030825
81000 0.028934
82000 0.030119
83000 0.033809
84000 0.029759
85000 0.028535
86000 0.031417
87000 0.035394
88000 0.029664
89000 0.028507
90000 0.030773
91000 0.03084
92000 0.033938
93000 0.024997
94000 0.035994
95000 0.042814
96000 0.04163
97000 0.044585
98000 0.042985
99000 0.045594
100000 0.044235
101000 0.042426
102000 0.067359
103000 2.34042
104000 0.028081
105000 0.021877
106000 0.020937
107000 0.024555
108000 0.020972
109000 0.022979
110000 0.02194
111000 0.025105
112000 0.022813
113000 0.023355
114000 0.025505
115000 0.024143
116000 0.039151
117000 0.027579
118000 0.021939
119000 0.023519
120000 0.025495
121000 0.025517
122000 0.024778
123000 0.024756
124000 0.028288
125000 0.031773
126000 0.032143
127000 0.023812
128000 0.029054
129000 0.024057
130000 0.027173
131000 0.025555
132000 0.028471
133000 0.025453
134000 0.028376
135000 0.033289
136000 0.030046
137000 0.030508
138000 0.034413
139000 0.028145
140000 0.03632
141000 0.050976
142000 0.052998
143000 0.048289
144000 0.033258
145000 0.028293
146000 0.031642
147000 0.034407
148000 0.031191
149000 0.035056
150000 0.036897
151000 0.052851
152000 0.054445
153000 0.058761
154000 0.055112
155000 0.051675
156000 0.057231
157000 0.039387
158000 0.032771
159000 0.046446
160000 0.03872
161000 0.035731
162000 0.046814
163000 0.070282
164000 0.061334
165000 0.051103
166000 0.0424
167000 0.036387
168000 0.041688
169000 0.034604
170000 0.03413
171000 0.050442
172000 0.037928
173000 0.052044
174000 0.051814
175000 0.036068
176000 0.039836
177000 0.045621
178000 0.043794
179000 0.047489
180000 0.048382
181000 0.051424
182000 0.038964
183000 0.045983
184000 0.055206
185000 0.062159
186000 0.044874
187000 0.047577
188000 0.036719
189000 0.039225
190000 0.050195
191000 0.038848
192000 0.060235
193000 0.041715
194000 0.052754
195000 0.064273
196000 0.06092
197000 0.057761
198000 0.055704
199000 0.041899
200000 0.045133
201000 0.045203
202000 0.047527
203000 0.053229
204000 0.044835
205000 0.079419
206000 0.078588
207000 0.069657
208000 0.041505
209000 0.050426
210000 0.040992
211000 0.048301
212000 0.059475
213000 0.044923
214000 0.057991
215000 0.046829
216000 0.0589
217000 0.054082
218000 0.045349
219000 0.046069
220000 0.042915
221000 0.050332
222000 0.043699
223000 0.063722
224000 0.094283
225000 0.081205
226000 0.047302
227000 0.053317
228000 0.05603
229000 0.052127
230000 0.046249
231000 0.051891
232000 0.05785
233000 0.050712
234000 0.049528
235000 0.048035
236000 0.095731
237000 0.080287
238000 0.069878
239000 0.072022
240000 0.075404
241000 0.068308
242000 0.074715
243000 0.087501
244000 0.071103
245000 0.064177
246000 0.067182
247000 0.058727
248000 0.057049
249000 0.057924
250000 0.065668
251000 0.065827
252000 0.052574
253000 0.060685
254000 0.061317
255000 0.069117
256000 0.058147
257000 0.058933
258000 0.065002
259000 0.054312
260000 0.058404
261000 0.062142
262000 0.068873
263000 0.070631
264000 0.057209
265000 0.057101
266000 0.054804
267000 0.059365
268000 0.065051
269000 0.070072
270000 0.062371
271000 0.082474
272000 0.070524
273000 0.078858
274000 0.060789
275000 0.069565
276000 0.064873
277000 0.067697
278000 0.076844
279000 0.065967
280000 0.065388
281000 0.071775
282000 0.077594
283000 0.080756
284000 0.081788
285000 0.083156
286000 0.07332
287000 0.071482
288000 0.080127
289000 0.069982
290000 0.105985
291000 0.101117
292000 0.07381
293000 0.080537
294000 0.065571
295000 0.066787
296000 0.078422
297000 0.096034
298000 0.078815
299000 0.063712
300000 0.073443
301000 0.077072
302000 0.062494
303000 0.064032
304000 0.065916
305000 0.069503
306000 0.068714
307000 0.071494
308000 0.072454
309000 0.077344
310000 0.067532
311000 0.07948
312000 0.099298
313000 0.067898
314000 0.069893
315000 0.069442
316000 0.067833
317000 0.066194
318000 0.0857
319000 0.071658
320000 0.066717
321000 0.071365
322000 0.074353
323000 0.071804
324000 0.072953
325000 0.09188
326000 0.098358
327000 0.099617
328000 0.088414
329000 0.11584
330000 0.080308
331000 0.092007
332000 0.09211
333000 0.090819
334000 0.111679
335000 0.101641
336000 0.092146
337000 0.112609
338000 0.088031
339000 0.074731
340000 0.07031
341000 0.076313
342000 0.06839
343000 0.076181
344000 0.0747
345000 0.076415
346000 0.071522
347000 0.081094
348000 0.088337
349000 0.079046
350000 0.072075
351000 0.09627
352000 0.083602
353000 0.083235
354000 0.072277
355000 0.075403
356000 0.080476
357000 0.076744
358000 0.08125
359000 0.081802
360000 0.098266
361000 0.080369
362000 0.076796
363000 0.124993
364000 0.123731
365000 0.088182
366000 0.081162
367000 0.079915
368000 0.079476
369000 0.083823
370000 0.110811
371000 0.106733
372000 0.089964
373000 0.079413
374000 0.083429
375000 0.099198
376000 0.092786
377000 0.086434
378000 0.087647
379000 0.10379
380000 0.103074
381000 0.111127
382000 0.096144
383000 0.095456
384000 0.099204
385000 0.105833
386000 0.108958
387000 0.109394
388000 0.094342
389000 0.082381
390000 0.086074
391000 0.13063
392000 0.094681
393000 0.083566
394000 0.081869
395000 0.084123
396000 0.082881
397000 0.101009
398000 0.111713
399000 0.104267
400000 0.111973
401000 0.102612
402000 0.119939
403000 0.090973
404000 0.085762
405000 0.086232
406000 0.096481
407000 0.097291
408000 0.113001
409000 0.097746
410000 0.097183
411000 0.096967
412000 0.098593
413000 0.092422
414000 0.09299
415000 0.09377
416000 0.089254
417000 0.092649
418000 0.090698
419000 0.105111
420000 0.108388
421000 0.126461
422000 0.1185
423000 0.097444
424000 0.102216
425000 0.099357
426000 0.095727
427000 0.093909
428000 0.098974
429000 0.109724
430000 0.100689
431000 0.121355
432000 0.107998
433000 0.120161
434000 0.114636
435000 0.096065
436000 0.094466
437000 0.102198
438000 0.112574
439000 0.130546
440000 0.149915
441000 0.121174
442000 0.136199
443000 0.120653
444000 0.127016
445000 0.105321
446000 0.118616
447000 0.114548
448000 0.141284
449000 0.112206
450000 0.112554
451000 0.11777
452000 0.105746
453000 0.127538
454000 0.149527
455000 0.119593
456000 0.12561
457000 0.115112
458000 0.099931
459000 0.100896
460000 0.102888
461000 0.095921
462000 0.106623
463000 0.102452
464000 0.099785
465000 0.102487
466000 0.137322
467000 0.150861
468000 0.140895
469000 0.105711
470000 0.094715
471000 0.09372
472000 0.097833
473000 0.099532
474000 0.092496
475000 0.166572
476000 0.147452
477000 0.166961
478000 0.105466
479000 0.112261
480000 0.111535
481000 0.102517
482000 0.123881
483000 0.112364
484000 0.12468
485000 0.163324
486000 0.129616
487000 0.124915
488000 0.171869
489000 0.176966
490000 0.123944
491000 0.112553
492000 0.211898
493000 0.19113
494000 0.125008
495000 0.153319
496000 0.166874
497000 0.174253
498000 0.1468
499000 0.141688
500000 0.171074
501000 0.213206
502000 0.178812
503000 0.113192
504000 0.149833
505000 0.140804
506000 0.113797
507000 0.112659
508000 0.112237
509000 0.168525
510000 0.181245
511000 0.118847
512000 0.139064
513000 0.157238
514000 0.118557
515000 0.195433
516000 0.16693
517000 0.14743
518000 0.204706
519000 0.222249
520000 0.235995
521000 0.194045
522000 0.113456
523000 0.132225
524000 0.161769
525000 0.109409
526000 0.119323
527000 0.150804
528000 0.150991
529000 0.116504
530000 0.124371
531000 0.119804
532000 0.187366
533000 0.145357
534000 0.149009
535000 0.262438
536000 0.244357
537000 0.191844
538000 0.182133
539000 0.171697
540000 0.128002
541000 0.134324
542000 0.166145
543000 0.167777
544000 0.113888
545000 0.120244
546000 0.126511
547000 0.199775
548000 0.14922
549000 0.164615
550000 0.164543
551000 0.110933
552000 0.110032
553000 0.112423
554000 0.11902
555000 0.129804
556000 0.111066
557000 0.127293
558000 0.136348
559000 0.138901
560000 0.138018
561000 0.110405
562000 0.129025
563000 0.142064
564000 0.112899
565000 0.115708
566000 0.11364
567000 0.121223
568000 0.115131
569000 0.115171
570000 0.116957
571000 0.128213
572000 0.141623
573000 0.11587
574000 0.131209
575000 0.166574
576000 0.146241
577000 0.150853
578000 0.178492
579000 0.181123
580000 0.201549
581000 0.139736
582000 0.147369
583000 0.128114
584000 0.151977
585000 0.133471
586000 0.163377
587000 0.122095
588000 0.122021
589000 0.127897
590000 0.172347
591000 0.175601
592000 0.135858
593000 0.158672
594000 0.137704
595000 0.195556
596000 0.142586
597000 0.17237
598000 0.143263
599000 0.136572
600000 0.130738
601000 0.154729
602000 0.121151
603000 0.13746
604000 0.177501
605000 0.151976
606000 0.14652
607000 0.139284
608000 0.159768
609000 0.142843
610000 0.135565
611000 0.138621
612000 0.158172
613000 0.135338
614000 0.179248
615000 0.182905
616000 0.156134
617000 0.160501
618000 0.204584
619000 0.170908
620000 0.185991
621000 0.169719
622000 0.13387
623000 0.189918
624000 0.144625
625000 0.177026
626000 0.18217
627000 0.151259
628000 0.158642
629000 0.161578
630000 0.138552
631000 0.142859
632000 0.13277
633000 0.135997
634000 0.147091
635000 0.1528
636000 0.1619
637000 0.149238
638000 0.141726
639000 0.152272
640000 0.139402
641000 0.151017
642000 0.186739
643000 0.147111
644000 0.150108
645000 0.143874
646000 0.145788
647000 0.139065
648000 0.13764
649000 0.183799
650000 0.151716
651000 0.186379
652000 0.142254
653000 0.160106
654000 0.17557
655000 0.176979
656000 0.208613
657000 0.171547
658000 0.19108
659000 0.143825
660000 0.14789
661000 0.165372
662000 0.161315
663000 0.13882
664000 0.134859
665000 0.160576
666000 0.148093
667000 0.171936
668000 0.171788
669000 0.195116
670000 0.159682
671000 0.141599
672000 0.157082
673000 0.189824
674000 0.145457
675000 0.156105
676000 0.167045
677000 0.237046
678000 0.173083
679000 0.182115
680000 0.14856
681000 0.157041
682000 0.173884
683000 0.14578
684000 0.172073
685000 0.195108
686000 0.202279
687000 0.248299
688000 0.157956
689000 0.160725
690000 0.17086
691000 0.157511
692000 0.260127
693000 0.194419
694000 0.178479
695000 0.266929
696000 0.180842
697000 0.159551
698000 0.159598
699000 0.174734
700000 0.158768
701000 0.18491
702000 0.192188
703000 0.172096
704000 0.155598
705000 0.202259
706000 0.215744
707000 0.192335
708000 0.191355
709000 0.181154
710000 0.189014
711000 0.190522
712000 0.165813
713000 0.163892
714000 0.149447
715000 0.157093
716000 0.164443
717000 0.185103
718000 0.159393
719000 0.165885
720000 0.162399
721000 0.158773
722000 0.19582
723000 0.206288
724000 0.16877
725000 0.235217
726000 0.181781
727000 0.173245
728000 0.147773
729000 0.207667
730000 0.213744
731000 0.149003
732000 0.159119
733000 0.222459
734000 0.203118
735000 0.170337
736000 0.223847
737000 0.168197
738000 0.16467
739000 0.197393
740000 0.191046
741000 0.163054
742000 0.179044
743000 0.167644
744000 0.175909
745000 0.185736
746000 0.18535
747000 0.183466
748000 0.185561
749000 0.17316
750000 0.182303
751000 0.178449
752000 0.184475
753000 0.204631
754000 0.171708
755000 0.152438
756000 0.182613
757000 0.161662
758000 0.161471
759000 0.159031
760000 0.159198
761000 0.16172
762000 0.175694
763000 0.150642
764000 0.156853
765000 0.191711
766000 0.150908
767000 0.16137
768000 0.170441
769000 0.167367
770000 0.157372
771000 0.300028
772000 0.315794
773000 0.239908
774000 0.203321
775000 0.256216
776000 0.316243
777000 0.310667
778000 0.376222
779000 0.24552
780000 0.276449
781000 0.360751
782000 0.329602
783000 0.355207
784000 0.344041
785000 0.342678
786000 0.329884
787000 0.266601
788000 0.260346
789000 0.352695
790000 0.302317
791000 0.270468
792000 0.256286
793000 0.251517
794000 0.208743
795000 0.216045
796000 0.229631
797000 0.275575
798000 0.243769
799000 0.208576
800000 0.22149
801000 0.228239
802000 0.252292
803000 0.281581
804000 0.241198
805000 0.289986
806000 0.272604
807000 0.216903
808000 0.245704
809000 0.208466
810000 0.174031
811000 0.20004
812000 0.169938
813000 0.17204
814000 0.184
815000 0.192131
816000 0.170881
817000 0.18886
818000 0.184849
819000 0.166742
820000 0.197533
821000 0.204117
822000 0.223722
823000 0.191867
824000 0.186352
825000 0.261622
826000 0.3261
827000 0.257902
828000 0.227804
829000 0.316351
830000 0.198343
831000 0.269999
832000 0.255999
833000 0.323756
834000 0.221158
835000 0.282809
836000 0.240965
837000 0.235308
838000 0.249525
839000 0.237317
840000 0.265795
841000 0.260492
842000 0.255288
843000 0.255312
844000 0.271155
845000 0.232933
846000 0.210516
847000 0.210494
848000 0.260766
849000 0.298482
850000 0.279661
851000 0.181482
852000 0.17896
853000 0.227993
854000 0.246687
855000 0.229385
856000 0.238782
857000 0.260858
858000 0.298637
859000 0.266412
860000 0.271616
861000 0.280113
862000 0.248085
863000 0.291454
864000 0.338102
865000 0.31149
866000 0.309974
867000 0.281962
868000 0.297562
869000 0.299203
870000 0.254676
871000 0.2674
872000 0.258537
873000 0.261421
874000 0.259454
875000 0.257062
876000 0.279603
877000 0.36442
878000 0.380301
879000 0.348181
880000 0.287798
881000 0.291951
882000 0.259802
883000 0.261283
884000 0.269852
885000 0.285694
886000 0.273094
887000 0.242464
888000 0.376954
889000 0.318613
890000 0.387747
891000 0.351853
892000 0.364327
893000 0.358242
894000 0.307015
895000 0.321413
896000 0.25404
897000 0.25458
898000 0.267169
899000 0.27618
900000 0.403055
901000 0.312746
902000 0.256247
903000 0.266235
904000 0.314274
905000 0.231329
906000 0.211061
907000 0.367653
908000 0.314966
909000 0.276522
910000 0.321786
911000 0.373359
912000 0.257289
913000 0.422685
914000 0.313736
915000 0.249277
916000 0.275084
917000 0.24299
918000 0.375241
919000 0.316571
920000 0.275434
921000 0.271815
922000 0.260251
923000 0.314583
924000 0.267717
925000 0.262649
926000 0.274505
927000 0.364137
928000 0.347939
929000 0.240499
930000 0.324854
931000 0.386511
932000 0.275545
933000 0.307825
934000 0.329579
935000 0.325605
936000 0.287432
937000 0.385869
938000 0.300039
939000 0.310632
940000 0.290158
941000 0.259393
942000 0.31653
943000 0.262807
944000 0.277343
945000 0.267481
946000 0.255275
947000 0.286759
948000 0.295417
949000 0.259991
950000 0.268624
951000 0.290216
952000 0.309718
953000 0.257078
954000 0.264095
955000 0.282599
956000 0.330964
957000 0.245185
958000 0.280008
959000 0.25959
960000 0.276767
961000 0.287053
962000 0.246574
963000 0.207314
964000 0.232217
965000 0.214465
966000 0.330274
967000 0.346774
968000 0.331445
969000 0.305664
970000 0.283026
971000 0.316207
972000 0.349797
973000 0.41368
974000 0.421905
975000 0.39283
976000 0.369774
977000 0.391508
978000 0.426398
979000 0.249664
980000 0.383632
981000 0.382909
982000 0.315473
983000 0.278301
984000 0.35794
985000 0.282579
986000 0.316673
987000 0.374645
988000 0.354815
989000 0.422191
990000 0.289712
991000 0.310085
992000 0.30527
993000 0.383109
994000 0.40358
995000 0.370086
996000 0.337317
997000 0.347061
998000 0.376571
999000 0.448863
