1000 3e-06
2000 2e-06
3000 1e-06
4000 2e-06
5000 2e-06
6000 1e-06
7000 1e-06
8000 1e-06
9000 1e-06
10000 1e-06
11000 1e-06
12000 1e-06
13000 1e-06
14000 1e-06
15000 1e-06
16000 1e-06
17000 1e-06
18000 1e-06
19000 2e-06
20000 1e-06
21000 1e-06
22000 1e-06
23000 1e-06
24000 1e-06
25000 1e-06
26000 1e-06
27000 1e-06
28000 1e-06
29000 1e-06
30000 1e-06
31000 1e-06
32000 1e-06
33000 2e-06
34000 1e-06
35000 1e-06
36000 1e-06
37000 1e-06
38000 1e-06
39000 1e-06
40000 1e-06
41000 1e-06
42000 1e-06
43000 1e-06
44000 1e-06
45000 1e-06
46000 2e-06
47000 2e-06
48000 1e-06
49000 1e-06
50000 1e-06
51000 1e-06
52000 1e-06
53000 1e-06
54000 1e-06
55000 1e-06
56000 1e-06
57000 2.3e-05
58000 2e-06
59000 2e-06
60000 2e-06
61000 1e-06
62000 2.5e-05
63000 2e-06
64000 2e-06
65000 1e-06
66000 2e-06
67000 1e-06
68000 2.6e-05
69000 2e-06
70000 1e-06
71000 2e-06
72000 1e-06
73000 1e-06
74000 1e-06
75000 1e-06
76000 1e-06
77000 2e-06
78000 2e-06
79000 1e-06
80000 1e-06
81000 1e-06
82000 1e-06
83000 1e-06
84000 2e-06
85000 1e-06
86000 1e-06
87000 1e-06
88000 1e-06
89000 1e-06
90000 2e-06
91000 2e-06
92000 1e-06
93000 1e-06
94000 1e-06
95000 1e-06
96000 1e-06
97000 2e-06
98000 1e-06
99000 1e-06
100000 1e-06
101000 1e-06
102000 1e-06
103000 1e-06
104000 2e-06
105000 1e-06
106000 1e-06
107000 1e-06
108000 1e-06
109000 1e-06
110000 2e-06
111000 1e-06
112000 1e-06
113000 2e-06
114000 1e-06
115000 2e-06
116000 2e-06
117000 1e-06
118000 2e-06
119000 2e-06
120000 1e-06
121000 1e-06
122000 2.5e-05
123000 1e-06
124000 2e-06
125000 1e-06
126000 1e-06
127000 2e-06
128000 2e-06
129000 1e-06
130000 1e-06
131000 1e-06
132000 1e-06
133000 1e-06
134000 1e-06
135000 1e-06
136000 2e-06
137000 1e-06
138000 1e-06
139000 1e-06
140000 1e-06
141000 1e-06
142000 1e-06
143000 2e-06
144000 1e-06
145000 1e-06
146000 1e-06
147000 1e-06
148000 1e-06
149000 1e-06
150000 1e-06
151000 2e-06
152000 1e-06
153000 1e-06
154000 1e-06
155000 1e-06
156000 1e-06
157000 1e-06
158000 1e-06
159000 2e-06
160000 1e-06
161000 1e-06
162000 1e-06
163000 1e-06
164000 1e-06
165000 1e-06
166000 1e-06
167000 2e-06
168000 1e-06
169000 1e-06
170000 1e-06
171000 1e-06
172000 1e-06
173000 1e-06
174000 1e-06
175000 1e-06
176000 1e-06
177000 1e-06
178000 1e-06
179000 1e-06
180000 1e-06
181000 1e-06
182000 2e-06
183000 1e-06
184000 1e-06
185000 1e-06
186000 1e-06
187000 1e-06
188000 1e-06
189000 1e-06
190000 1e-06
191000 1e-06
192000 1e-06
193000 1e-06
194000 1e-06
195000 1e-06
196000 1e-06
197000 2e-06
198000 1e-06
199000 2e-06
200000 2e-06
201000 1e-06
202000 1e-06
203000 1e-06
204000 1e-06
205000 1e-06
206000 1e-06
207000 1e-06
208000 2e-06
209000 1e-06
210000 1e-06
211000 1e-06
212000 1e-06
213000 1e-06
214000 1e-06
215000 2e-06
216000 1.9e-05
217000 1e-06
218000 1e-06
219000 1e-06
220000 1e-06
221000 1e-06
222000 1e-06
223000 1e-06
224000 2e-06
225000 2e-06
226000 1e-06
227000 1e-06
228000 1e-06
229000 1e-06
230000 1e-06
231000 2e-06
232000 2e-06
233000 1e-06
234000 1e-06
235000 1e-06
236000 1e-06
237000 1e-06
238000 1e-06
239000 1e-06
240000 1e-06
241000 1e-06
242000 1e-06
243000 1e-06
244000 1e-06
245000 1e-06
246000 1e-06
247000 1e-06
248000 1e-06
249000 1e-06
250000 1e-06
251000 1e-06
252000 1e-06
253000 1e-06
254000 1e-06
255000 1e-06
256000 1e-06
257000 1e-06
258000 1e-06
259000 1e-06
260000 2e-06
261000 1e-06
262000 1e-06
263000 1e-06
264000 1e-06
265000 1e-06
266000 1e-06
267000 1e-06
268000 1e-06
269000 1e-06
270000 1e-06
271000 1e-06
272000 1e-06
273000 1e-06
274000 1e-06
275000 1e-06
276000 1e-06
277000 1e-06
278000 1e-06
279000 1e-06
280000 1e-06
281000 1e-06
282000 1e-06
283000 1e-06
284000 1e-06
285000 1e-06
286000 1e-06
287000 1e-06
288000 1e-06
289000 1e-06
290000 1e-06
291000 1e-06
292000 1e-06
293000 1e-06
294000 1e-06
295000 1e-06
296000 1e-06
297000 1e-06
298000 2e-06
299000 1e-06
300000 1e-06
301000 1e-06
302000 1e-06
303000 1e-06
304000 1e-06
305000 1e-06
306000 1e-06
307000 1e-06
308000 1e-06
309000 1e-06
310000 1e-06
311000 2e-06
312000 1e-06
313000 1e-06
314000 1e-06
315000 1e-06
316000 1e-06
317000 1e-06
318000 1e-06
319000 1e-06
320000 1e-06
321000 1e-06
322000 1e-06
323000 1e-06
324000 1e-06
325000 2.6e-05
326000 2e-06
327000 1e-06
328000 1e-06
329000 1e-06
330000 1e-06
331000 1e-06
332000 1e-06
333000 1e-06
334000 1e-06
335000 1e-06
336000 2e-06
337000 1e-06
338000 1e-06
339000 1e-06
340000 1e-06
341000 1e-06
342000 1e-06
343000 1e-06
344000 1e-06
345000 1e-06
346000 1e-06
347000 1e-06
348000 1e-06
349000 2e-06
350000 1e-06
351000 1e-06
352000 1e-06
353000 1e-06
354000 1e-06
355000 2e-06
356000 1e-06
357000 1e-06
358000 1e-06
359000 1e-06
360000 1e-06
361000 1e-06
362000 1e-06
363000 1e-06
364000 1e-06
365000 1e-06
366000 1e-06
367000 1e-06
368000 1e-06
369000 1e-06
370000 1e-06
371000 1e-06
372000 1e-06
373000 1e-06
374000 1e-06
375000 1e-06
376000 1e-06
377000 1e-06
378000 1e-06
379000 1e-06
380000 1e-06
381000 1e-06
382000 1e-06
383000 1e-06
384000 1e-06
385000 1e-06
386000 2e-06
387000 1e-06
388000 1e-06
389000 1e-06
390000 1e-06
391000 1e-06
392000 2e-06
393000 1e-06
394000 1e-06
395000 1e-06
396000 1e-06
397000 1e-06
398000 2e-06
399000 1e-06
400000 1e-06
401000 1e-06
402000 1e-06
403000 1e-06
404000 2e-06
405000 1e-06
406000 1e-06
407000 1e-06
408000 1e-06
409000 1e-06
410000 1e-06
411000 1e-06
412000 1e-06
413000 1e-06
414000 1e-06
415000 1e-06
416000 1e-06
417000 1e-06
418000 1e-06
419000 1e-06
420000 1e-06
421000 1e-06
422000 1e-06
423000 1e-06
424000 1e-06
425000 1e-06
426000 1e-06
427000 1e-06
428000 1e-06
429000 1e-06
430000 1e-06
431000 1e-06
432000 2e-06
433000 1e-06
434000 1e-06
435000 1e-06
436000 1e-06
437000 1e-06
438000 1e-06
439000 2e-06
440000 1e-06
441000 1e-06
442000 1e-06
443000 1e-06
444000 1e-06
445000 1e-06
446000 2e-06
447000 1e-06
448000 2.3e-05
449000 2e-06
450000 2e-06
451000 1e-06
452000 1e-06
453000 2e-06
454000 1e-06
455000 1e-06
456000 1e-06
457000 1e-06
458000 1e-06
459000 2e-06
460000 2e-06
461000 1e-06
462000 1e-06
463000 1e-06
464000 1e-06
465000 1e-06
466000 1e-06
467000 1e-06
468000 1e-06
469000 1e-06
470000 1e-06
471000 1e-06
472000 1e-06
473000 1e-06
474000 1e-06
475000 1e-06
476000 1e-06
477000 1e-06
478000 1e-06
479000 1e-06
480000 1e-06
481000 1e-06
482000 1e-06
483000 1e-06
484000 1e-06
485000 1e-06
486000 1e-06
487000 1e-06
488000 1e-06
489000 1e-06
490000 1e-06
491000 1e-06
492000 2e-06
493000 1e-06
494000 1e-06
495000 1e-06
496000 1e-06
497000 1e-06
498000 1e-06
499000 1e-06
500000 1e-06
501000 1e-06
502000 1e-06
503000 1e-06
504000 1e-06
505000 1e-06
506000 1e-06
507000 1e-06
508000 1e-06
509000 2e-06
510000 1e-06
511000 1e-06
512000 1e-06
513000 1e-06
514000 1e-06
515000 2e-06
516000 1e-06
517000 1e-06
518000 1e-06
519000 1e-06
520000 1e-06
521000 2e-06
522000 1e-06
523000 1e-06
524000 1e-06
525000 1e-06
526000 1e-06
527000 1e-06
528000 1e-06
529000 1e-06
530000 1e-06
531000 1e-06
532000 1e-06
533000 1e-06
534000 1e-06
535000 1e-06
536000 2e-06
537000 1e-06
538000 1e-06
539000 1e-06
540000 1e-06
541000 1e-06
542000 1e-06
543000 2e-06
544000 1e-06
545000 1e-06
546000 1e-06
547000 1e-06
548000 1e-06
549000 1e-06
550000 1e-06
551000 1e-06
552000 1e-06
553000 1e-06
554000 1e-06
555000 1e-06
556000 1e-06
557000 1e-06
558000 2e-06
559000 1e-06
560000 1e-06
561000 1e-06
562000 1e-06
563000 1e-06
564000 1e-06
565000 1e-06
566000 1e-06
567000 1e-06
568000 1e-06
569000 1e-06
570000 1e-06
571000 1e-06
572000 2.3e-05
573000 1e-06
574000 2e-06
575000 1e-06
576000 1e-06
577000 1e-06
578000 1e-06
579000 1e-06
580000 1e-06
581000 1e-06
582000 1e-06
583000 1e-06
584000 1e-06
585000 1e-06
586000 1e-06
587000 1e-06
588000 1e-06
589000 1e-06
590000 1e-06
591000 1e-06
592000 1e-06
593000 1e-06
594000 1e-06
595000 1e-06
596000 1e-06
597000 1e-06
598000 2e-06
599000 1e-06
600000 1e-06
601000 1e-06
602000 1e-06
603000 1e-06
604000 2e-06
605000 1e-06
606000 1e-06
607000 1e-06
608000 1e-06
609000 1e-06
610000 2e-06
611000 1e-06
612000 1e-06
613000 1e-06
614000 1e-06
615000 1e-06
616000 1e-06
617000 1e-06
618000 1e-06
619000 1e-06
620000 1e-06
621000 1e-06
622000 2e-06
623000 1e-06
624000 1e-06
625000 1e-06
626000 1e-06
627000 1e-06
628000 1e-06
629000 1e-06
630000 1e-06
631000 1e-06
632000 1e-06
633000 1e-06
634000 2e-06
635000 1e-06
636000 1e-06
637000 1e-06
638000 1e-06
639000 1e-06
640000 1e-06
641000 1e-06
642000 1e-06
643000 2e-06
644000 2e-06
645000 1e-06
646000 1e-06
647000 1e-06
648000 1e-06
649000 1e-06
650000 1e-06
651000 1e-06
652000 1e-06
653000 1e-06
654000 2e-06
655000 1e-06
656000 1e-06
657000 1e-06
658000 1e-06
659000 1e-06
660000 1e-06
661000 1e-06
662000 1e-06
663000 1e-06
664000 1e-06
665000 1e-06
666000 1e-06
667000 1e-06
668000 1e-06
669000 1e-06
670000 1e-06
671000 1e-06
672000 1e-06
673000 1e-06
674000 2e-06
675000 2e-06
676000 2e-06
677000 2.8e-05
678000 2e-06
679000 2e-06
680000 1e-06
681000 1e-06
682000 1e-06
683000 1e-06
684000 1e-06
685000 1e-06
686000 1e-06
687000 2e-06
688000 1e-06
689000 1e-06
690000 1e-06
691000 1e-06
692000 1e-06
693000 1e-06
694000 1e-06
695000 2e-06
696000 2e-06
697000 1.9e-05
698000 1e-06
699000 2e-06
700000 1e-06
701000 1e-06
702000 2e-06
703000 1e-06
704000 1e-06
705000 2e-06
706000 1e-06
707000 1e-06
708000 2e-06
709000 1e-06
710000 1e-06
711000 1e-06
712000 2e-06
713000 1e-06
714000 1e-06
715000 2e-06
716000 1e-06
717000 1e-06
718000 2e-06
719000 2e-06
720000 1e-06
721000 2e-06
722000 2e-06
723000 1e-06
724000 1e-06
725000 1e-06
726000 1e-06
727000 1e-06
728000 2e-06
729000 1e-06
730000 2e-06
731000 2e-06
732000 2.4e-05
733000 1e-06
734000 1e-06
735000 1e-06
736000 1e-06
737000 8.8e-05
738000 2e-06
739000 2e-06
740000 3e-06
741000 2e-06
742000 2.6e-05
743000 1e-06
744000 2e-06
745000 2e-06
746000 2e-06
747000 2e-06
748000 1e-06
749000 1e-06
750000 1.9e-05
751000 1e-06
752000 1e-06
753000 1e-06
754000 2e-06
755000 2e-06
756000 2e-06
757000 1e-06
758000 1e-06
759000 1e-06
760000 1e-06
761000 1e-06
762000 1e-06
763000 1e-06
764000 1e-06
765000 1e-06
766000 2e-06
767000 2e-06
768000 1e-06
769000 1e-06
770000 1e-06
771000 1e-06
772000 1e-06
773000 1e-06
774000 1e-06
775000 2e-06
776000 1e-06
777000 1e-06
778000 1e-06
779000 2e-06
780000 1e-06
781000 1e-06
782000 1e-06
783000 2e-06
784000 2.5e-05
785000 2e-06
786000 2e-06
787000 3e-06
788000 2e-06
789000 2e-06
790000 4e-06
791000 1e-06
792000 1e-06
793000 1e-06
794000 1e-06
795000 2e-06
796000 1e-06
797000 1e-06
798000 2e-06
799000 1e-06
800000 1e-06
801000 2e-06
802000 1e-06
803000 1e-06
804000 1e-06
805000 2e-06
806000 1e-06
807000 2e-06
808000 1e-06
809000 2e-06
810000 2e-06
811000 1e-06
812000 1e-06
813000 2e-06
814000 1e-06
815000 1e-06
816000 2e-06
817000 2e-06
818000 2.4e-05
819000 2e-06
820000 2e-06
821000 2e-06
822000 2e-06
823000 1e-06
824000 1e-06
825000 1e-06
826000 1e-06
827000 2e-06
828000 2e-06
829000 2e-06
830000 1e-06
831000 1e-06
832000 1e-06
833000 1e-06
834000 2e-06
835000 2e-06
836000 1e-06
837000 2e-06
838000 2e-06
839000 1e-06
840000 1e-06
841000 5e-06
842000 2e-06
843000 1e-06
844000 2e-06
845000 1e-06
846000 1e-06
847000 2e-06
848000 2e-06
849000 1e-06
850000 1e-06
851000 2e-06
852000 1e-06
853000 1e-06
854000 2e-06
855000 2e-06
856000 2e-06
857000 1e-06
858000 2e-06
859000 1e-06
860000 2e-06
861000 1e-06
862000 2e-06
863000 2e-06
864000 2e-06
865000 1e-06
866000 2e-06
867000 2e-06
868000 1e-06
869000 1e-06
870000 2e-06
871000 1e-06
872000 1e-06
873000 1e-06
874000 1e-06
875000 2e-06
876000 2e-06
877000 1e-06
878000 2e-06
879000 2e-06
880000 2e-06
881000 1e-06
882000 1e-06
883000 1e-06
884000 2e-06
885000 2e-06
886000 2e-06
887000 1e-06
888000 1e-06
889000 2e-06
890000 2e-06
891000 2e-06
892000 1e-06
893000 2e-06
894000 2e-06
895000 1e-06
896000 1e-06
897000 2e-06
898000 1e-06
899000 1e-06
900000 1e-06
901000 2e-06
902000 2e-06
903000 1e-06
904000 1e-06
905000 2e-06
906000 2e-06
907000 1e-06
908000 1e-06
909000 2e-06
910000 1e-06
911000 1e-06
912000 1e-06
913000 2e-06
914000 1e-06
915000 1e-06
916000 1e-06
917000 9.6e-05
918000 1e-06
919000 2e-06
920000 2e-06
921000 2e-06
922000 1e-06
923000 1e-06
924000 1e-06
925000 2e-06
926000 1e-06
927000 1e-06
928000 1e-06
929000 2e-06
930000 1e-06
931000 1e-06
932000 1.9e-05
933000 2e-06
934000 2e-06
935000 2e-06
936000 1e-06
937000 1e-06
938000 1e-06
939000 1e-06
940000 1e-06
941000 1e-06
942000 1e-06
943000 1e-06
944000 1e-06
945000 2e-06
946000 2e-06
947000 1e-06
948000 1e-06
949000 1e-06
950000 1e-06
951000 1e-06
952000 1e-06
953000 2e-06
954000 2e-06
955000 1e-06
956000 1e-06
957000 1e-06
958000 1e-06
959000 1e-06
960000 1e-06
961000 1e-06
962000 1e-06
963000 1e-06
964000 1e-06
965000 1e-06
966000 2e-06
967000 2e-06
968000 2e-06
969000 2e-06
970000 1e-06
971000 1e-06
972000 1e-06
973000 1e-06
974000 1e-06
975000 1e-06
976000 1e-06
977000 1e-06
978000 2e-06
979000 2e-06
980000 1e-06
981000 1e-06
982000 1e-06
983000 1e-06
984000 1e-06
985000 1e-06
986000 1e-06
987000 2e-06
988000 2e-06
989000 1e-06
990000 1e-06
991000 1e-06
992000 1e-06
993000 1e-06
994000 1e-06
995000 1e-06
996000 1e-06
997000 2e-06
998000 2e-06
999000 2e-06
